4.54 -9.81 -5.80
4.54 -9.86 -5.80
4.54 -9.98 -3.84
4.54 -9.93 -3.84
1.36 -9.93 -3.84
1.36 -9.81 -5.80
1.36 -9.98 -3.84
1.36 -9.86 -5.80
4.61 -9.85 -5.87
1.29 -9.85 -5.87
1.29 -9.99 -3.77
4.55 -9.99 -3.77
4.61 -9.99 -3.77
4.61 -9.80 -5.87
4.61 -9.94 -3.76
4.55 -9.94 -3.76
1.29 -9.94 -3.76
1.29 -9.80 -5.87
8.09 -9.86 -5.80
8.09 -9.98 -3.84
8.09 -9.93 -3.84
8.09 -9.81 -5.80
8.17 -9.99 -3.77
8.17 -9.85 -5.87
4.84 -9.85 -5.87
4.84 -9.80 -5.87
8.17 -9.80 -5.87
4.84 -9.99 -3.77
4.84 -9.94 -3.76
4.91 -9.99 -3.77
4.92 -9.98 -3.84
4.92 -9.86 -5.80
4.92 -9.81 -5.80
4.92 -9.93 -3.84
8.17 -9.94 -3.76
4.91 -9.94 -3.76
11.67 -9.86 -5.79
11.67 -9.98 -3.83
11.67 -9.93 -3.83
11.67 -9.81 -5.79
11.75 -9.99 -3.76
11.75 -9.85 -5.87
8.42 -9.85 -5.87
8.42 -9.80 -5.86
11.75 -9.80 -5.86
8.42 -9.99 -3.76
8.42 -9.94 -3.76
8.49 -9.99 -3.76
8.50 -9.98 -3.83
8.50 -9.86 -5.79
8.50 -9.81 -5.79
8.50 -9.93 -3.83
11.75 -9.94 -3.76
8.49 -9.94 -3.76
5.51 9.87 -5.56
5.51 10.00 -3.60
5.51 9.95 -3.60
5.51 9.82 -5.56
5.44 10.00 -3.53
5.44 9.87 -5.63
8.76 9.87 -5.63
8.76 9.82 -5.63
5.44 9.82 -5.63
8.76 10.00 -3.53
8.76 9.95 -3.52
8.70 10.00 -3.53
8.69 10.00 -3.60
8.69 9.87 -5.56
8.69 9.82 -5.56
8.69 9.95 -3.60
5.44 9.95 -3.52
8.70 9.95 -3.52
9.06 9.82 -5.56
9.06 9.87 -5.56
9.06 10.00 -3.60
9.06 9.95 -3.60
12.24 9.95 -3.60
12.24 9.82 -5.56
12.24 10.00 -3.60
12.24 9.87 -5.56
8.99 9.87 -5.63
12.31 9.87 -5.63
12.31 10.00 -3.53
9.06 10.00 -3.53
8.99 10.00 -3.53
8.99 9.82 -5.63
8.99 9.95 -3.52
9.06 9.95 -3.52
12.31 9.95 -3.52
12.31 9.82 -5.63
1.93 9.87 -5.55
1.93 10.00 -3.59
1.93 9.95 -3.59
1.93 9.82 -5.55
1.86 10.00 -3.52
1.86 9.87 -5.63
5.18 9.87 -5.63
5.18 9.82 -5.62
1.86 9.82 -5.62
5.18 10.00 -3.52
5.18 9.95 -3.52
5.12 10.00 -3.52
5.11 10.00 -3.59
5.11 9.87 -5.55
5.11 9.82 -5.55
5.11 9.95 -3.59
1.86 9.95 -3.52
5.12 9.95 -3.52
-52.33 7.19 -0.20
-52.33 -10.17 -0.20
44.52 0.30 -2.61
44.97 0.45 -2.05
44.53 0.59 -2.58
44.93 0.23 -2.07
44.51 -0.00 -2.62
44.92 -0.00 -2.08
44.93 -0.23 -2.07
44.52 -0.30 -2.61
44.25 -0.00 -3.24
44.25 -0.34 -3.24
44.16 -0.00 -3.91
44.16 -0.36 -3.91
44.26 -0.69 -3.22
44.16 -0.72 -3.91
45.21 -0.99 -3.91
45.40 -0.87 -3.35
44.53 -0.59 -2.58
45.59 -0.75 -2.79
44.97 -0.45 -2.05
45.78 -0.63 -2.23
45.57 -0.58 -2.18
45.37 -0.54 -2.14
45.17 -0.49 -2.09
45.96 -0.51 -1.66
45.41 -0.90 -3.91
46.10 -0.49 -1.66
45.83 -0.49 -1.66
46.22 -0.44 -1.66
46.32 -0.36 -1.66
46.41 -0.26 -1.66
46.46 -0.13 -1.66
46.47 -0.00 -1.66
46.46 0.13 -1.66
46.41 0.26 -1.66
46.32 0.36 -1.66
46.22 0.44 -1.66
46.10 0.49 -1.66
45.96 0.51 -1.66
45.83 0.49 -1.66
45.71 0.44 -1.66
45.60 0.36 -1.66
45.52 0.26 -1.66
45.47 0.13 -1.66
45.45 -0.00 -1.66
45.47 -0.13 -1.66
45.52 -0.26 -1.66
45.60 -0.36 -1.66
45.71 -0.44 -1.66
45.83 -0.49 -1.54
45.96 -0.51 -1.54
45.96 -0.59 -1.54
45.81 -0.57 -1.54
45.71 -0.44 -1.54
45.67 -0.51 -1.54
45.60 -0.36 -1.54
45.55 -0.41 -1.54
45.52 -0.26 -1.54
45.47 -0.13 -1.54
45.46 -0.29 -1.54
45.45 -0.00 -1.54
45.40 0.15 -1.54
45.40 -0.15 -1.54
45.38 -0.00 -1.54
45.40 0.15 -1.39
45.38 -0.00 -1.39
45.40 -0.15 -1.39
45.46 -0.29 -1.39
45.55 -0.41 -1.39
45.67 -0.51 -1.39
45.81 -0.57 -1.39
45.96 -0.59 -1.39
46.12 -0.57 -1.39
46.12 -0.57 -1.54
46.26 -0.51 -1.39
46.26 -0.51 -1.54
46.38 -0.41 -1.39
46.38 -0.41 -1.54
46.47 -0.29 -1.39
46.47 -0.29 -1.54
46.53 -0.15 -1.39
46.53 -0.15 -1.54
46.55 -0.00 -1.39
46.55 -0.00 -1.54
46.53 0.15 -1.39
46.53 0.15 -1.54
46.47 0.29 -1.39
46.47 0.29 -1.54
46.38 0.41 -1.39
46.38 0.41 -1.54
46.26 0.51 -1.39
46.26 0.51 -1.54
46.12 0.57 -1.39
46.12 0.57 -1.54
45.96 0.59 -1.39
45.96 0.59 -1.54
45.81 0.57 -1.39
45.81 0.57 -1.54
45.67 0.51 -1.39
45.67 0.51 -1.54
45.55 0.41 -1.39
45.55 0.41 -1.54
45.46 0.29 -1.39
45.46 0.29 -1.54
45.47 0.13 -1.54
45.17 0.49 -2.09
45.07 0.47 -2.07
45.37 0.54 -2.14
45.57 0.58 -2.18
45.78 0.63 -2.23
45.41 0.90 -3.91
45.59 0.75 -2.79
45.40 0.87 -3.35
45.21 0.99 -3.91
45.59 0.77 -3.91
45.73 0.61 -3.91
45.84 0.42 -3.91
45.91 0.22 -3.91
46.09 0.19 -3.16
45.60 0.17 -3.17
45.60 0.17 -3.46
45.60 0.17 -3.75
45.91 -0.22 -3.91
45.60 -0.17 -3.17
45.93 -0.00 -3.91
45.60 -0.17 -3.75
45.60 -0.17 -3.49
45.60 -0.17 -3.46
46.09 -0.19 -3.17
45.84 -0.42 -3.91
44.16 0.72 -3.91
44.16 0.36 -3.91
45.59 -0.77 -3.91
45.73 -0.61 -3.91
44.26 0.69 -3.22
44.25 0.34 -3.24
46.10 -0.49 -1.54
46.22 -0.44 -1.54
46.32 -0.36 -1.54
46.41 -0.26 -1.54
46.46 -0.13 -1.54
46.47 -0.00 -1.54
46.46 0.13 -1.54
46.41 0.26 -1.54
46.32 0.36 -1.54
46.22 0.44 -1.54
46.10 0.49 -1.54
45.96 0.51 -1.54
45.83 0.49 -1.54
45.71 0.44 -1.54
45.60 0.36 -1.54
45.52 0.26 -1.54
46.11 0.04 -3.17
46.11 -0.00 -3.17
46.11 -0.04 -3.17
45.63 -0.15 -3.38
45.62 -0.17 -3.42
46.36 -0.17 -3.66
46.37 -0.15 -3.62
45.62 0.17 -3.42
45.59 0.17 -3.51
45.58 0.15 -3.55
45.57 0.12 -3.58
45.56 0.09 -3.61
45.55 0.05 -3.62
45.55 -0.00 -3.63
45.55 -0.05 -3.62
45.56 -0.09 -3.61
45.57 -0.12 -3.58
45.58 -0.15 -3.55
45.59 -0.17 -3.51
45.64 -0.12 -3.35
45.65 -0.09 -3.32
45.66 -0.05 -3.30
45.66 -0.00 -3.30
45.66 0.05 -3.30
45.65 0.09 -3.32
45.64 0.12 -3.35
45.63 0.15 -3.38
46.36 0.17 -3.66
46.35 0.17 -3.71
46.37 0.15 -3.62
46.39 0.12 -3.59
46.39 0.09 -3.56
46.40 0.05 -3.55
46.05 -0.00 -3.43
46.40 -0.00 -3.54
46.40 -0.05 -3.55
46.39 -0.09 -3.56
46.39 -0.12 -3.59
46.37 -0.13 -3.63
46.38 -0.10 -3.60
46.39 -0.07 -3.58
46.39 -0.03 -3.57
46.39 -0.00 -3.56
46.39 0.00 -3.56
46.39 0.04 -3.57
46.39 0.08 -3.58
46.38 0.11 -3.61
46.37 0.13 -3.64
46.36 0.15 -3.67
46.35 0.15 -3.71
46.33 0.17 -3.75
46.32 0.15 -3.79
46.33 0.15 -3.75
50.53 0.15 -5.08
50.52 0.15 -5.12
50.54 0.15 -5.04
50.55 0.13 -5.01
50.56 0.11 -4.97
50.57 0.08 -4.95
50.58 0.04 -4.94
50.58 0.00 -4.93
50.58 -0.00 -4.93
50.58 -0.03 -4.93
50.57 -0.07 -4.95
50.56 -0.10 -4.97
50.56 -0.13 -5.00
46.36 -0.15 -3.67
50.54 -0.15 -5.03
46.35 -0.15 -3.70
46.33 -0.17 -3.75
46.32 -0.15 -3.79
46.34 -0.15 -3.74
46.32 -0.13 -3.78
46.31 -0.12 -3.82
46.31 -0.11 -3.81
46.30 -0.09 -3.85
46.31 -0.08 -3.83
46.29 -0.05 -3.87
46.30 -0.04 -3.85
46.30 -0.00 -3.85
46.29 -0.00 -3.87
46.30 -0.00 -3.85
46.30 0.03 -3.85
46.29 0.05 -3.87
46.31 0.07 -3.84
46.30 0.09 -3.85
46.31 0.10 -3.81
46.31 0.12 -3.82
46.32 0.13 -3.78
45.97 -0.00 -3.77
46.35 -0.17 -3.71
50.51 0.13 -5.15
50.53 0.13 -5.07
50.54 0.12 -5.04
50.55 0.11 -5.02
50.56 0.09 -4.99
50.56 0.06 -4.97
50.57 0.03 -4.96
50.57 -0.00 -4.96
50.57 -0.03 -4.96
50.56 -0.06 -4.97
50.56 -0.09 -4.99
50.55 -0.11 -5.02
50.54 -0.12 -5.04
50.53 -0.13 -5.07
50.51 -0.13 -5.14
50.52 -0.12 -5.11
50.50 -0.11 -5.17
50.51 -0.11 -5.13
50.50 -0.09 -5.16
50.49 -0.08 -5.20
50.50 -0.06 -5.18
50.48 -0.04 -5.21
50.49 -0.03 -5.19
50.48 -0.00 -5.22
50.48 -0.00 -5.22
50.49 -0.00 -5.19
50.49 0.03 -5.19
50.48 0.03 -5.22
50.50 0.06 -5.18
50.49 0.07 -5.20
50.50 0.09 -5.16
50.50 0.10 -5.18
50.51 0.11 -5.13
50.52 0.12 -5.11
46.35 0.13 -3.71
46.34 0.12 -3.74
46.36 0.12 -3.68
46.37 0.11 -3.65
46.37 0.09 -3.62
46.38 0.06 -3.60
46.38 0.03 -3.59
46.39 -0.00 -3.59
46.38 -0.03 -3.59
46.38 -0.06 -3.60
46.37 -0.09 -3.62
46.37 -0.11 -3.65
46.36 -0.12 -3.68
46.35 -0.13 -3.71
46.34 -0.12 -3.74
46.33 -0.11 -3.77
46.32 -0.09 -3.79
46.31 -0.06 -3.81
46.31 -0.03 -3.82
46.31 -0.00 -3.83
46.31 0.03 -3.82
46.31 0.06 -3.81
46.32 0.09 -3.79
46.33 0.11 -3.77
50.52 -0.15 -5.11
50.53 -0.15 -5.07
30.32 1.02 -6.91
30.32 -1.02 -6.91
30.32 -1.02 -7.42
30.32 1.02 -7.42
32.36 -1.02 -6.91
32.36 -1.02 -7.42
31.68 -1.02 -9.22
31.00 -1.02 -9.22
32.36 1.02 -6.91
32.36 1.02 -7.42
31.00 1.02 -9.22
31.68 1.02 -9.22
31.00 0.51 -9.22
31.19 0.51 -9.22
31.23 0.53 -9.22
31.37 0.54 -9.22
31.51 0.51 -9.22
31.68 0.51 -9.22
30.70 0.51 -8.43
31.98 0.51 -8.43
31.00 -0.51 -9.22
30.70 -0.51 -8.43
31.68 -0.51 -9.22
31.50 -0.51 -9.22
31.45 -0.53 -9.22
31.31 -0.54 -9.22
31.17 -0.51 -9.22
31.98 -0.51 -8.43
31.98 0.51 -9.22
31.68 0.41 -9.22
31.74 0.36 -9.22
31.82 0.24 -9.22
31.87 0.11 -9.22
31.88 -0.03 -9.22
31.85 -0.17 -9.22
31.79 -0.29 -9.22
31.70 -0.40 -9.22
31.68 -0.42 -9.22
31.98 -0.51 -9.22
31.64 0.45 -9.22
31.64 0.45 -10.51
31.51 0.51 -10.51
31.61 0.41 -10.61
31.49 0.46 -10.61
31.74 0.36 -10.51
31.71 0.33 -10.61
31.10 0.48 -9.22
30.98 0.40 -9.22
30.89 0.29 -9.22
30.83 0.17 -9.22
30.80 0.03 -9.22
30.82 -0.11 -9.22
30.86 -0.24 -9.22
30.94 -0.36 -9.22
31.05 -0.45 -9.22
31.58 -0.48 -9.22
31.37 0.54 -10.51
31.37 0.49 -10.61
31.24 0.48 -10.61
31.23 0.53 -10.51
31.36 0.42 -10.71
31.26 0.41 -10.71
31.47 0.40 -10.71
31.57 0.35 -10.71
31.52 0.28 -10.79
31.44 0.32 -10.79
31.65 0.28 -10.71
31.59 0.22 -10.79
31.78 0.22 -10.61
31.72 0.19 -10.71
31.82 0.24 -10.51
31.87 0.11 -10.51
31.82 0.10 -10.61
31.58 -0.48 -10.51
31.70 -0.40 -10.51
31.56 -0.44 -10.61
31.67 -0.36 -10.61
31.45 -0.53 -10.51
31.44 -0.48 -10.61
31.17 -0.51 -10.51
31.31 -0.54 -10.51
31.31 -0.49 -10.61
31.19 -0.46 -10.61
31.32 -0.42 -10.71
31.43 -0.41 -10.71
31.21 -0.40 -10.71
31.07 -0.41 -10.61
31.11 -0.35 -10.71
30.98 -0.33 -10.61
31.03 -0.28 -10.71
31.05 -0.45 -10.51
30.94 -0.36 -10.51
30.70 0.51 -9.22
30.70 -0.51 -9.22
30.86 -0.24 -10.51
30.90 -0.22 -10.61
30.82 -0.11 -10.51
30.86 -0.10 -10.61
30.80 0.03 -10.51
30.85 0.03 -10.61
30.83 0.17 -10.51
30.88 0.15 -10.61
30.89 0.29 -10.51
30.93 0.27 -10.61
30.98 0.40 -10.51
31.02 0.36 -10.61
31.10 0.48 -10.51
31.12 0.44 -10.61
31.15 0.37 -10.71
31.06 0.31 -10.71
31.19 0.30 -10.79
31.12 0.25 -10.79
31.27 0.32 -10.79
31.36 0.33 -10.79
31.35 0.23 -10.85
31.41 0.22 -10.85
31.29 0.22 -10.85
31.35 0.12 -10.88
31.32 0.11 -10.88
31.38 0.11 -10.88
31.41 0.10 -10.88
31.47 0.19 -10.85
31.43 0.08 -10.88
31.51 0.15 -10.85
31.34 -0.00 -10.90
31.29 0.10 -10.88
31.26 0.09 -10.88
31.24 0.06 -10.88
31.23 0.04 -10.88
31.46 0.02 -10.88
31.46 -0.01 -10.88
31.45 -0.04 -10.88
31.44 -0.06 -10.88
31.42 -0.09 -10.88
31.39 -0.10 -10.88
31.36 -0.11 -10.88
31.33 -0.12 -10.88
31.30 -0.11 -10.88
31.28 -0.10 -10.88
31.25 -0.08 -10.88
31.24 -0.05 -10.88
31.23 -0.02 -10.88
31.22 0.01 -10.88
31.45 0.05 -10.88
31.11 0.01 -10.85
31.12 0.07 -10.85
31.12 -0.05 -10.85
31.14 -0.10 -10.85
31.17 -0.15 -10.85
31.21 -0.19 -10.85
31.27 -0.22 -10.85
31.16 -0.28 -10.79
31.24 -0.32 -10.79
31.09 -0.22 -10.79
31.32 -0.33 -10.79
31.41 -0.32 -10.79
31.53 -0.37 -10.71
31.49 -0.30 -10.79
31.62 -0.31 -10.71
31.56 -0.25 -10.79
31.69 -0.23 -10.71
31.75 -0.27 -10.61
31.74 -0.13 -10.71
31.81 -0.15 -10.61
31.62 -0.18 -10.79
31.66 -0.10 -10.79
31.53 -0.13 -10.85
31.49 -0.17 -10.85
31.56 -0.07 -10.85
31.57 -0.01 -10.85
31.67 -0.02 -10.79
31.67 0.07 -10.79
31.57 0.05 -10.85
31.76 -0.02 -10.71
31.75 0.09 -10.71
31.83 -0.03 -10.61
31.64 0.15 -10.79
31.55 0.10 -10.85
31.44 -0.21 -10.85
31.39 -0.22 -10.85
31.33 -0.23 -10.85
31.88 -0.03 -10.51
31.85 -0.17 -10.51
31.79 -0.29 -10.51
30.97 -0.19 -10.71
31.04 -0.15 -10.79
30.93 -0.09 -10.71
31.02 -0.07 -10.79
30.92 0.02 -10.71
30.94 0.13 -10.71
30.99 0.23 -10.71
31.06 0.18 -10.79
31.03 0.10 -10.79
31.15 0.13 -10.85
31.19 0.17 -10.85
31.24 0.21 -10.85
31.01 0.02 -10.79
31.98 -0.51 -8.63
31.98 -0.51 -8.92
-32.87 -1.12 -5.07
-32.87 0.92 -5.07
-32.87 0.92 -5.58
-32.87 -1.12 -5.58
-34.91 0.92 -5.07
-34.91 0.92 -5.58
-34.22 0.92 -7.38
-33.55 0.92 -7.38
-34.91 -1.12 -5.07
-34.91 -1.12 -5.58
-33.55 -1.12 -7.38
-34.22 -1.12 -7.38
-33.55 -0.61 -7.38
-33.73 -0.61 -7.38
-33.78 -0.62 -7.38
-33.92 -0.64 -7.38
-34.05 -0.61 -7.38
-34.22 -0.61 -7.38
-33.25 -0.61 -6.59
-34.52 -0.61 -6.59
-33.55 0.41 -7.38
-33.25 0.41 -6.59
-34.22 0.41 -7.38
-34.04 0.41 -7.38
-34.00 0.43 -7.38
-33.86 0.44 -7.38
-33.72 0.41 -7.38
-34.52 0.41 -6.59
-34.52 -0.61 -7.38
-34.22 -0.51 -7.38
-34.29 -0.46 -7.38
-34.37 -0.34 -7.38
-34.41 -0.21 -7.38
-34.42 -0.07 -7.38
-34.40 0.07 -7.38
-34.34 0.19 -7.38
-34.24 0.30 -7.38
-34.22 0.32 -7.38
-34.52 0.41 -7.38
-34.18 -0.55 -7.38
-34.18 -0.55 -8.67
-34.05 -0.61 -8.67
-34.15 -0.51 -8.78
-34.04 -0.56 -8.78
-34.29 -0.46 -8.67
-34.25 -0.42 -8.78
-33.64 -0.58 -7.38
-33.53 -0.50 -7.38
-33.44 -0.39 -7.38
-33.38 -0.27 -7.38
-33.35 -0.13 -7.38
-33.36 0.01 -7.38
-33.41 0.14 -7.38
-33.49 0.26 -7.38
-33.59 0.35 -7.38
-34.13 0.38 -7.38
-33.92 -0.64 -8.67
-33.91 -0.59 -8.78
-33.79 -0.58 -8.78
-33.78 -0.62 -8.67
-33.91 -0.52 -8.87
-33.80 -0.51 -8.87
-34.02 -0.50 -8.87
-34.12 -0.45 -8.87
-34.07 -0.38 -8.95
-33.99 -0.41 -8.95
-34.20 -0.38 -8.87
-34.13 -0.32 -8.95
-34.32 -0.32 -8.78
-34.26 -0.29 -8.87
-34.37 -0.34 -8.67
-34.41 -0.21 -8.67
-34.37 -0.20 -8.78
-34.13 0.38 -8.67
-34.24 0.30 -8.67
-34.11 0.34 -8.78
-34.21 0.27 -8.78
-34.00 0.43 -8.67
-33.99 0.38 -8.78
-33.72 0.41 -8.67
-33.86 0.44 -8.67
-33.86 0.39 -8.78
-33.73 0.37 -8.78
-33.86 0.32 -8.87
-33.97 0.31 -8.87
-33.76 0.30 -8.87
-33.62 0.31 -8.78
-33.66 0.25 -8.87
-33.52 0.23 -8.78
-33.57 0.18 -8.87
-33.59 0.35 -8.67
-33.49 0.26 -8.67
-33.25 -0.61 -7.38
-33.25 0.41 -7.38
-33.41 0.14 -8.67
-33.45 0.12 -8.78
-33.36 0.01 -8.67
-33.41 0.00 -8.78
-33.35 -0.13 -8.67
-33.40 -0.13 -8.78
-33.38 -0.27 -8.67
-33.42 -0.25 -8.78
-33.44 -0.39 -8.67
-33.48 -0.37 -8.78
-33.53 -0.50 -8.67
-33.56 -0.46 -8.78
-33.64 -0.58 -8.67
-33.67 -0.54 -8.78
-33.70 -0.47 -8.87
-33.61 -0.41 -8.87
-33.74 -0.40 -8.95
-33.67 -0.35 -8.95
-33.82 -0.42 -8.95
-33.91 -0.43 -8.95
-33.90 -0.33 -9.01
-33.96 -0.32 -9.01
-33.84 -0.32 -9.01
-33.89 -0.22 -9.05
-33.86 -0.21 -9.05
-33.92 -0.21 -9.05
-33.95 -0.20 -9.05
-34.01 -0.29 -9.01
-33.97 -0.18 -9.05
-34.06 -0.25 -9.01
-33.89 -0.10 -9.06
-33.83 -0.20 -9.05
-33.81 -0.19 -9.05
-33.79 -0.16 -9.05
-33.78 -0.14 -9.05
-34.00 -0.12 -9.05
-34.00 -0.09 -9.05
-34.00 -0.06 -9.05
-33.98 -0.03 -9.05
-33.96 -0.01 -9.05
-33.94 0.01 -9.05
-33.91 0.02 -9.05
-33.88 0.02 -9.05
-33.85 0.01 -9.05
-33.82 -0.00 -9.05
-33.80 -0.02 -9.05
-33.78 -0.05 -9.05
-33.77 -0.08 -9.05
-33.77 -0.11 -9.05
-33.99 -0.15 -9.05
-33.66 -0.11 -9.01
-33.67 -0.17 -9.01
-33.66 -0.05 -9.01
-33.68 0.00 -9.01
-33.72 0.05 -9.01
-33.76 0.09 -9.01
-33.81 0.12 -9.01
-33.70 0.18 -8.95
-33.78 0.22 -8.95
-33.64 0.12 -8.95
-33.87 0.23 -8.95
-33.95 0.23 -8.95
-34.08 0.28 -8.87
-34.04 0.20 -8.95
-34.17 0.21 -8.87
-34.11 0.15 -8.95
-34.24 0.13 -8.87
-34.30 0.17 -8.78
-34.28 0.03 -8.87
-34.35 0.05 -8.78
-34.16 0.08 -8.95
-34.20 0.00 -8.95
-34.08 0.03 -9.01
-34.04 0.07 -9.01
-34.10 -0.03 -9.01
-34.12 -0.09 -9.01
-34.22 -0.08 -8.95
-34.21 -0.17 -8.95
-34.11 -0.15 -9.01
-34.31 -0.08 -8.87
-34.30 -0.18 -8.87
-34.37 -0.07 -8.78
-34.18 -0.25 -8.95
-34.09 -0.20 -9.01
-33.99 0.11 -9.01
-33.93 0.13 -9.01
-33.87 0.13 -9.01
-34.42 -0.07 -8.67
-34.40 0.07 -8.67
-34.34 0.19 -8.67
-33.51 0.09 -8.87
-33.59 0.05 -8.95
-33.48 -0.01 -8.87
-33.56 -0.03 -8.95
-33.47 -0.12 -8.87
-33.49 -0.23 -8.87
-33.54 -0.33 -8.87
-33.61 -0.28 -8.95
-33.57 -0.20 -8.95
-33.69 -0.23 -9.01
-33.73 -0.27 -9.01
-33.78 -0.30 -9.01
-33.56 -0.12 -8.95
-34.52 0.41 -6.79
-34.52 0.41 -7.09
-20.62 -2.22 -6.44
-20.64 -2.57 -4.38
-20.53 -2.21 -6.53
-22.15 -2.11 -6.53
-22.06 -2.13 -6.44
-20.62 -2.16 -6.43
-22.05 -2.07 -6.43
-22.17 -2.49 -4.29
-22.08 -2.48 -4.38
-20.55 -2.59 -4.29
-20.53 -2.15 -6.52
-20.55 -2.53 -4.28
-22.17 -2.43 -4.28
-22.14 -2.05 -6.52
-22.08 -2.42 -4.37
-20.64 -2.51 -4.37
-22.46 -2.11 -6.43
-22.48 -2.46 -4.37
-22.37 -2.10 -6.52
-23.99 -2.00 -6.52
-23.90 -2.02 -6.43
-22.46 -2.05 -6.42
-23.89 -1.96 -6.42
-24.01 -2.38 -4.28
-23.92 -2.37 -4.37
-22.39 -2.48 -4.28
-22.37 -2.04 -6.51
-22.39 -2.42 -4.27
-24.01 -2.32 -4.27
-23.98 -1.94 -6.51
-23.92 -2.31 -4.36
-22.48 -2.40 -4.36
-24.29 -1.99 -6.44
-24.31 -2.35 -4.38
-24.20 -1.98 -6.53
-25.82 -1.89 -6.53
-25.73 -1.91 -6.44
-24.29 -1.93 -6.43
-25.72 -1.85 -6.43
-25.84 -2.27 -4.29
-25.75 -2.26 -4.38
-24.22 -2.37 -4.29
-24.20 -1.92 -6.52
-24.22 -2.31 -4.28
-25.84 -2.21 -4.28
-25.81 -1.83 -6.52
-25.75 -2.20 -4.37
-24.31 -2.29 -4.37
-0.84 -3.24 -4.69
-0.84 -3.25 -4.57
-2.28 -3.25 -4.57
-2.28 -3.24 -4.69
-2.28 -3.26 -4.46
-0.84 -3.26 -4.46
-0.84 -3.11 -6.43
-0.84 -3.27 -4.34
-0.75 -3.10 -6.52
-2.37 -3.10 -6.52
-2.28 -3.11 -6.43
-0.84 -3.05 -6.42
-2.28 -3.05 -6.42
-0.84 -3.12 -6.30
-0.84 -3.14 -6.04
-0.84 -3.16 -5.78
-0.84 -3.18 -5.51
-0.84 -3.19 -5.38
-0.84 -3.20 -5.24
-0.84 -3.21 -5.09
-0.84 -3.22 -4.95
-0.84 -3.24 -4.80
-2.28 -3.24 -4.80
-2.37 -3.28 -4.25
-2.28 -3.27 -4.34
-0.75 -3.28 -4.25
-0.75 -3.04 -6.51
-0.75 -3.22 -4.25
-2.37 -3.22 -4.25
-2.37 -3.04 -6.51
-2.28 -3.12 -6.30
-2.28 -3.14 -6.04
-2.28 -3.16 -5.78
-2.28 -3.18 -5.51
-2.28 -3.21 -5.09
-2.28 -3.22 -4.95
-2.28 -3.20 -5.24
-2.28 -3.19 -5.38
-0.84 -3.17 -5.64
-2.28 -3.17 -5.64
-2.28 -3.15 -5.91
-0.84 -3.15 -5.91
-2.28 -3.13 -6.17
-0.84 -3.13 -6.17
-2.28 -3.21 -4.34
-0.84 -3.21 -4.34
13.66 -9.98 -4.08
13.66 -9.98 -3.96
12.22 -9.98 -3.96
12.22 -9.98 -4.08
12.22 -9.99 -3.84
13.66 -9.99 -3.84
13.66 -9.86 -5.82
13.66 -10.00 -3.73
13.75 -9.86 -5.91
12.13 -9.86 -5.91
12.22 -9.86 -5.82
13.66 -9.80 -5.81
12.22 -9.80 -5.81
13.66 -9.87 -5.69
13.66 -9.89 -5.43
13.66 -9.91 -5.16
13.66 -9.92 -4.90
13.66 -9.93 -4.77
13.66 -9.94 -4.63
13.66 -9.95 -4.48
13.66 -9.96 -4.34
13.66 -9.97 -4.19
12.22 -9.97 -4.19
12.13 -10.01 -3.64
12.22 -10.00 -3.73
13.75 -10.01 -3.64
13.75 -9.80 -5.90
13.75 -9.95 -3.63
12.13 -9.95 -3.63
12.13 -9.80 -5.90
12.22 -9.87 -5.69
12.22 -9.89 -5.43
12.22 -9.91 -5.16
12.22 -9.92 -4.90
12.22 -9.95 -4.48
12.22 -9.96 -4.34
12.22 -9.94 -4.63
12.22 -9.93 -4.77
13.66 -9.91 -5.03
12.22 -9.91 -5.03
12.22 -9.90 -5.29
13.66 -9.90 -5.29
12.22 -9.88 -5.56
13.66 -9.88 -5.56
12.22 -9.94 -3.72
13.66 -9.94 -3.72
16.56 -9.57 -9.40
-52.33 -9.89 2.59
-52.33 10.17 2.59
-52.33 10.17 -0.20
-52.33 7.24 -0.20
-52.33 6.89 -0.20
-52.33 5.99 -0.20
-52.33 5.94 -0.20
-52.33 -10.17 2.59
-57.75 -5.85 2.59
-57.75 8.59 2.59
-72.06 6.41 2.59
-74.69 6.77 2.59
-72.06 4.81 2.59
-72.06 4.25 2.59
-75.00 6.44 2.59
-75.00 6.72 2.59
-75.00 -6.72 2.59
-74.50 -4.77 6.00
-74.50 4.77 6.00
-68.88 -5.63 6.00
-63.26 -6.48 6.00
-57.64 -7.34 6.00
-52.02 -8.19 6.00
-52.80 -10.10 2.59
-68.88 5.63 6.00
-63.26 6.48 6.00
-57.64 7.34 6.00
-52.02 8.19 6.00
-48.33 8.49 6.00
29.32 8.49 6.00
-28.92 8.49 6.00
29.32 10.17 2.59
-75.00 9.12 1.99
-52.33 12.57 1.99
-77.40 6.72 1.99
-77.40 -6.72 1.99
-75.00 -9.12 1.99
-52.33 -12.57 1.99
-57.75 -8.59 2.59
-57.75 -6.41 2.59
-72.06 -6.41 2.59
-58.20 -8.06 2.59
-71.61 -6.02 2.59
-71.61 6.02 2.59
-58.20 8.06 2.59
-58.20 -6.08 2.59
-71.61 3.91 2.59
-71.61 4.48 2.59
-58.20 -5.51 2.59
36.54 6.86 5.95
36.83 10.17 -0.76
29.32 10.17 -0.20
-1.28 10.17 -0.20
36.25 -3.42 -0.72
41.82 -3.42 -1.13
41.93 -3.58 -1.14
43.00 -4.51 -1.22
44.26 -5.12 -1.31
45.64 -5.39 -1.41
47.04 -5.29 -1.52
48.37 -4.83 -1.62
49.30 -4.20 -1.69
52.55 -4.20 -1.93
52.55 -7.13 -1.93
50.64 -7.56 -1.79
47.20 -8.28 -1.53
43.75 -8.96 -1.27
40.30 -9.59 -1.02
36.83 -10.17 -0.76
29.32 -10.17 -0.20
32.23 -5.69 -0.42
32.23 5.69 -0.42
29.71 9.57 -0.23
40.30 9.59 -1.02
43.75 8.96 -1.27
47.20 8.28 -1.53
50.64 7.56 -1.79
52.55 7.13 -1.93
52.55 4.20 -1.93
49.28 4.20 -1.68
48.93 4.51 -1.66
47.67 5.12 -1.56
46.29 5.39 -1.46
44.88 5.29 -1.36
43.56 4.83 -1.26
42.39 4.04 -1.17
41.85 3.42 -1.13
36.25 3.42 -0.72
36.25 -1.18 -0.72
36.25 -3.42 -1.21
41.88 -3.42 -1.13
41.88 -3.42 -1.21
36.25 3.42 -1.21
36.33 -3.35 -1.21
41.80 3.35 -1.21
41.88 3.42 -1.21
36.33 3.35 -1.21
41.88 3.42 -1.13
41.88 -3.23 -1.13
41.88 -2.96 -1.13
41.88 -2.69 -1.13
41.88 2.76 -1.13
41.88 2.99 -1.13
41.88 3.22 -1.13
42.12 -3.32 -1.15
42.01 -3.42 -1.14
42.44 3.87 -1.18
42.55 3.97 -1.18
43.56 4.65 -1.26
43.70 4.72 -1.27
44.84 5.12 -1.35
44.87 4.97 -1.36
44.98 4.85 -1.36
43.76 4.58 -1.27
43.76 4.42 -1.27
43.63 4.52 -1.26
42.69 3.70 -1.19
42.65 3.86 -1.19
42.54 3.76 -1.18
41.85 2.73 -1.13
41.77 2.87 -1.13
47.52 4.69 -1.55
48.53 4.20 -1.63
47.34 4.20 -1.54
47.34 -4.20 -1.54
48.50 -4.20 -1.63
48.17 -4.42 -1.60
46.95 -4.85 -1.51
45.67 -4.94 -1.42
44.40 -4.69 -1.32
43.25 -4.13 -1.24
42.27 -3.28 -1.16
46.26 4.94 -1.46
47.64 4.80 -1.56
47.55 4.99 -1.56
47.50 4.85 -1.55
46.34 5.07 -1.47
46.20 5.23 -1.46
44.99 5.15 -1.37
45.02 5.00 -1.37
46.19 5.08 -1.46
46.35 5.22 -1.47
47.69 4.95 -1.57
48.78 4.41 -1.65
48.82 4.20 -1.65
48.91 4.33 -1.66
49.82 3.53 -1.73
49.80 3.75 -1.72
53.00 -7.02 -1.96
49.54 -4.04 -1.70
49.79 -3.75 -1.72
52.55 -3.75 -1.93
52.55 -2.92 -1.93
53.00 -2.92 -1.96
53.00 -3.75 -1.96
56.04 -3.75 -2.19
56.04 3.75 -2.19
53.00 3.75 -1.96
53.00 2.50 -1.96
52.55 2.50 -1.93
52.55 3.75 -1.93
53.00 7.02 -1.96
53.00 4.20 -1.96
56.49 4.20 -2.22
56.49 -4.20 -2.22
53.00 -4.20 -1.96
49.84 -3.86 5.87
54.07 -6.78 -2.04
46.04 -4.72 5.89
29.32 -8.49 6.00
36.54 -6.86 5.95
38.44 -6.43 5.94
42.24 -5.58 5.92
44.14 -5.15 5.91
51.74 -3.43 5.86
53.64 -3.00 5.85
57.45 -2.14 5.82
59.35 -1.72 5.81
61.25 -1.29 5.80
65.05 -0.43 5.77
66.95 0.00 5.76
-48.33 -8.49 6.00
-28.92 -8.49 6.00
65.05 0.43 5.77
61.25 1.29 5.80
59.35 1.72 5.81
57.45 2.14 5.82
53.64 3.00 5.85
51.74 3.43 5.86
49.84 3.86 5.87
46.04 4.72 5.89
44.14 5.15 5.91
42.24 5.58 5.92
38.44 6.43 5.94
74.37 1.11 -3.55
77.70 0.00 -3.80
74.37 -1.11 -3.55
71.02 -2.18 -3.30
73.75 -1.31 -3.51
67.65 -3.20 -3.05
68.87 -2.83 -3.14
64.28 -4.16 -2.80
60.89 -5.09 -2.55
57.48 -5.96 -2.30
57.48 5.96 -2.30
54.07 6.78 -2.04
60.89 5.09 -2.55
64.28 4.16 -2.80
67.65 3.20 -3.05
71.02 2.18 -3.30
29.32 -10.17 2.59
-1.28 -10.17 -0.20
-35.71 -6.92 -0.20
-51.73 -3.38 -0.20
-51.73 3.38 -0.20
-35.82 5.83 -0.20
-13.56 5.83 -0.20
-9.38 4.75 -0.20
-2.18 9.57 -0.20
-2.18 9.57 -3.20
-1.28 9.97 -3.20
25.57 9.97 -3.20
0.47 9.97 -3.20
25.57 9.57 -9.40
25.57 9.57 -3.20
28.03 6.25 -3.20
29.32 9.97 -3.20
29.71 9.57 -3.20
32.23 5.69 -3.20
32.23 3.09 -3.20
28.03 3.09 -3.20
26.54 8.26 -3.80
25.93 9.09 -4.65
25.93 9.09 -7.95
26.01 9.15 -4.65
26.01 9.15 -7.95
26.62 8.32 -3.80
27.06 7.55 -3.80
27.14 7.61 -3.80
27.67 6.73 -4.65
28.03 6.25 -9.40
27.67 6.73 -7.95
27.06 7.55 -8.80
26.54 8.26 -8.80
26.62 8.32 -8.80
27.75 6.79 -4.65
27.75 6.79 -7.95
27.14 7.61 -8.80
12.73 -2.40 -9.40
12.73 2.51 -9.40
13.50 2.96 -9.40
12.73 3.41 -9.40
16.55 9.57 -9.40
19.03 6.25 -9.40
15.43 3.41 -9.40
15.43 -3.30 -9.40
19.03 -6.25 -9.40
28.03 -6.25 -9.40
25.57 -9.57 -9.40
12.73 -3.30 -9.40
13.51 -2.85 -9.40
13.50 -2.84 -9.40
13.50 -2.85 -9.40
12.73 3.41 -6.20
12.73 -3.30 -6.20
16.55 9.57 -6.20
16.56 -9.57 -6.20
16.56 -9.78 -6.20
0.97 -9.78 -6.20
0.97 -3.07 -6.20
2.14 -3.07 -6.20
2.14 3.07 -6.20
0.97 3.07 -6.20
0.97 9.78 -6.20
16.55 9.78 -6.20
25.57 -9.97 -3.20
0.47 -9.97 -3.20
0.47 -3.30 -3.20
-1.28 -9.97 -3.20
-1.57 -9.97 -3.20
-2.18 -9.57 -3.20
-9.38 -4.75 -3.20
-9.38 4.75 -3.20
0.47 3.30 -3.20
-7.42 3.30 -3.20
-7.42 -3.30 -3.20
29.45 -9.97 -3.20
-1.57 -9.97 -0.20
-13.56 -5.36 -0.20
-15.56 -5.36 -0.20
-17.99 -6.92 -0.20
-35.71 -6.92 -3.32
-17.99 -6.92 -3.32
-35.71 -3.86 -0.20
-35.71 -3.86 -3.32
-37.89 -3.86 -0.20
-42.43 -3.38 -0.20
-51.73 -3.38 -0.40
-42.43 -3.38 -0.40
-51.73 3.38 -0.40
-42.43 3.38 -0.20
-42.43 3.38 -0.40
-37.89 3.16 -0.20
-35.82 3.16 -0.20
-35.82 3.16 -3.32
-37.89 3.16 -3.32
-35.82 5.83 -3.32
-35.82 5.78 -3.32
-14.26 5.83 -3.32
-14.31 5.83 -3.32
-35.77 5.83 -3.32
-15.86 -1.80 -10.50
-15.86 1.60 -10.50
-14.26 2.78 -3.32
-14.26 5.78 -3.32
-14.26 -5.36 -3.32
-14.26 -3.08 -3.32
-27.10 -1.04 -10.64
-24.21 -1.23 -10.64
-15.89 -1.78 -10.64
-27.10 0.84 -10.64
-24.21 1.03 -10.64
-24.21 -0.10 -10.64
-15.89 1.58 -10.64
-23.76 -0.95 -12.55
-16.31 -1.44 -12.55
-23.76 0.78 -12.55
-16.31 1.27 -12.55
-22.22 0.43 -7.87
-22.39 0.36 -7.87
-22.05 0.46 -7.87
-21.87 0.43 -7.87
-21.70 0.36 -7.87
-21.56 0.26 -7.87
-21.45 0.11 -7.87
-21.39 -0.05 -7.87
-21.36 -0.23 -7.87
-21.39 -0.40 -7.87
-21.45 -0.57 -7.87
-21.56 -0.71 -7.87
-21.70 -0.82 -7.87
-21.87 -0.89 -7.87
-22.05 -0.91 -7.87
-22.22 -0.89 -7.87
-22.39 -0.82 -7.87
-22.53 -0.71 -7.87
-22.64 -0.57 -7.87
-22.71 -0.40 -7.87
-22.73 -0.23 -7.87
-22.71 -0.05 -7.87
-22.64 0.11 -7.87
-22.53 0.26 -7.87
-22.53 0.26 -7.02
-22.39 0.36 -7.02
-22.64 0.11 -7.02
-22.71 -0.05 -7.02
-22.73 -0.23 -7.02
-22.71 -0.40 -7.02
-22.64 -0.57 -7.02
-22.53 -0.71 -7.02
-22.39 -0.82 -7.02
-22.22 -0.89 -7.02
-22.05 -0.91 -7.02
-21.87 -0.89 -7.02
-21.70 -0.82 -7.02
-21.56 -0.71 -7.02
-21.45 -0.57 -7.02
-21.39 -0.40 -7.02
-21.36 -0.23 -7.02
-21.39 -0.05 -7.02
-21.45 0.11 -7.02
-21.56 0.26 -7.02
-21.70 0.36 -7.02
-21.87 0.43 -7.02
-22.05 0.46 -7.02
-22.22 0.43 -7.02
-14.84 1.58 -10.64
-14.84 -1.78 -10.64
-20.48 0.13 -7.32
-20.46 0.30 -7.32
-20.46 -0.03 -7.32
-20.39 -0.19 -7.32
-20.29 -0.32 -7.32
-20.16 -0.42 -7.32
-20.00 -0.49 -7.32
-19.83 -0.51 -7.32
-19.67 -0.49 -7.32
-19.51 -0.42 -7.32
-19.38 -0.32 -7.32
-19.27 -0.19 -7.32
-19.21 -0.03 -7.32
-19.19 0.13 -7.32
-19.21 0.30 -7.32
-19.27 0.46 -7.32
-19.38 0.59 -7.32
-19.51 0.69 -7.32
-19.67 0.76 -7.32
-19.83 0.78 -7.32
-20.00 0.76 -7.32
-20.16 0.69 -7.32
-20.29 0.59 -7.32
-20.39 0.46 -7.32
-18.52 0.11 -7.51
-18.56 -0.16 -7.51
-18.42 0.36 -7.51
-18.25 0.58 -7.51
-18.04 0.75 -7.51
-16.46 -0.16 -7.51
-16.50 0.11 -7.51
-16.50 -0.43 -7.51
-16.60 -0.68 -7.51
-16.61 -0.69 -7.51
-16.77 -0.90 -7.51
-16.99 -1.07 -7.51
-17.24 -1.17 -7.51
-17.51 -1.21 -7.51
-17.78 -1.17 -7.51
-18.04 -1.07 -7.51
-18.25 -0.90 -7.51
-18.42 -0.68 -7.51
-18.52 -0.43 -7.51
-17.78 0.85 -7.51
-17.51 0.89 -7.51
-17.24 0.85 -7.51
-16.99 0.75 -7.51
-16.77 0.58 -7.51
-16.60 0.36 -7.51
-27.70 1.26 -7.92
-28.55 1.98 -3.32
-27.70 -1.47 -7.92
-30.59 1.08 -7.92
-30.59 -1.29 -7.92
-31.19 1.53 -5.07
-31.19 -1.74 -5.07
-35.60 1.24 -5.07
-35.60 -1.44 -5.07
-31.56 1.81 -3.32
-36.05 1.55 -3.32
-36.05 -1.75 -3.32
-14.31 5.78 -3.32
-31.56 -2.02 -3.32
-28.55 -2.21 -3.32
-15.56 -5.36 -3.32
-37.89 -3.86 -3.32
-42.68 -3.13 -0.40
-51.48 -3.13 -0.40
-51.48 3.13 -0.40
-9.38 -4.75 -0.20
-2.18 -9.57 -0.20
32.23 -5.69 -3.20
25.57 -9.57 -3.20
28.03 -6.25 -3.20
28.03 -3.09 -3.20
32.23 -3.09 -3.20
25.93 -9.09 -4.65
25.93 -9.09 -7.95
26.55 -8.24 -8.80
27.04 -7.57 -8.80
27.67 -6.73 -7.95
27.67 -6.73 -4.65
27.04 -7.57 -3.80
26.55 -8.24 -3.80
26.01 -9.15 -4.65
26.63 -8.30 -3.80
26.01 -9.15 -7.95
26.63 -8.30 -8.80
27.13 -7.63 -8.80
27.75 -6.79 -7.95
27.75 -6.79 -4.65
27.13 -7.63 -3.80
28.03 3.09 -6.91
28.03 3.09 -7.66
28.03 -3.09 -7.66
28.03 -3.09 -6.91
28.03 6.25 -11.20
28.03 -6.25 -11.20
19.03 6.25 -11.20
19.03 -6.25 -11.20
15.43 -3.30 -11.20
15.43 3.41 -11.20
15.13 3.56 -12.21
18.92 6.55 -12.21
15.13 -3.44 -12.21
18.92 -6.55 -12.21
24.13 -6.27 -11.27
27.97 -6.27 -11.27
28.33 -6.55 -12.21
27.97 -6.53 -12.14
27.06 -6.53 -12.14
27.06 -6.27 -11.27
26.99 -6.53 -12.14
26.09 -6.53 -12.14
26.01 -6.53 -12.14
25.11 -6.53 -12.14
25.03 -6.53 -12.14
24.13 -6.53 -12.14
25.03 -6.27 -11.27
25.11 -6.27 -11.27
26.01 -6.27 -11.27
26.09 -6.27 -11.27
26.99 -6.27 -11.27
18.92 -3.27 -12.21
18.92 3.27 -12.21
28.33 6.55 -12.21
27.51 5.16 -12.21
27.79 5.16 -12.21
27.79 4.91 -12.21
27.79 3.27 -12.21
28.33 3.27 -12.21
28.33 4.15 -12.21
28.30 6.19 -12.14
27.97 6.27 -11.27
24.13 6.27 -11.27
24.13 6.53 -12.14
25.03 6.53 -12.14
25.03 6.27 -11.27
25.11 6.53 -12.14
26.01 6.53 -12.14
26.09 6.53 -12.14
26.99 6.53 -12.14
27.06 6.53 -12.14
27.97 6.53 -12.14
27.06 6.27 -11.27
26.99 6.27 -11.27
26.09 6.27 -11.27
26.01 6.27 -11.27
25.11 6.27 -11.27
28.05 6.19 -11.27
28.05 5.29 -11.27
28.05 5.21 -11.27
28.05 4.31 -11.27
28.05 4.23 -11.27
28.05 3.33 -11.27
28.05 3.25 -11.27
28.05 2.35 -11.27
28.05 2.27 -11.27
28.05 1.37 -11.27
28.05 1.29 -11.27
28.05 0.39 -11.27
28.05 0.31 -11.27
28.05 -0.59 -11.27
28.05 -0.67 -11.27
28.05 -1.57 -11.27
28.05 -1.65 -11.27
28.05 -2.55 -11.27
28.05 -2.63 -11.27
28.05 -3.53 -11.27
28.05 -3.60 -11.27
28.05 -4.51 -11.27
28.05 -4.58 -11.27
28.05 -5.49 -11.27
28.05 -5.56 -11.27
28.05 -6.19 -11.27
28.30 -6.19 -12.14
28.30 -5.56 -12.14
28.30 -5.49 -12.14
28.30 -4.58 -12.14
28.30 -4.51 -12.14
28.30 -3.60 -12.14
28.30 -3.53 -12.14
28.33 -3.27 -12.21
28.30 -2.63 -12.14
28.30 -2.55 -12.14
28.30 -1.65 -12.14
28.30 -1.57 -12.14
28.30 -0.67 -12.14
28.30 -0.59 -12.14
28.30 0.31 -12.14
28.30 0.39 -12.14
28.30 1.29 -12.14
28.30 1.37 -12.14
28.30 2.27 -12.14
28.30 2.35 -12.14
28.30 3.25 -12.14
28.30 3.33 -12.14
28.30 4.23 -12.14
28.30 4.31 -12.14
28.30 5.21 -12.14
28.30 5.29 -12.14
28.33 -2.51 -14.31
28.33 2.51 -14.31
18.92 -2.51 -14.31
27.79 -3.27 -12.21
18.92 2.51 -14.31
18.92 0.00 -14.31
18.92 -0.37 -14.31
27.51 4.91 -12.21
19.82 -0.90 -14.31
20.72 0.00 -14.31
19.82 0.90 -14.31
18.92 0.00 -14.31
17.92 0.00 -25.92
17.02 -0.90 -25.92
17.93 -0.90 -22.16
17.96 -0.90 -22.03
17.96 0.90 -22.03
17.93 0.90 -22.16
17.02 0.90 -25.92
16.12 0.00 -25.92
21.82 -1.50 -25.32
21.70 -1.50 -25.32
18.42 -1.50 -25.92
18.42 -1.50 -25.32
18.42 -2.95 -26.68
18.42 -2.95 -26.30
18.42 -1.50 -26.30
18.42 -1.50 -26.25
18.42 -2.95 -26.25
18.42 -2.95 -25.92
18.42 -3.00 -25.32
18.42 -3.00 -26.73
18.42 -1.50 -26.73
18.42 -1.50 -26.68
18.37 -2.95 -26.68
18.37 -2.95 -26.30
18.37 -3.00 -26.68
18.37 -3.00 -26.30
18.37 -3.00 -26.25
18.37 -3.00 -25.92
15.82 -3.00 -25.92
15.82 -3.00 -25.32
15.82 -9.00 -25.92
15.82 -3.08 -25.32
15.82 -6.04 -25.32
15.82 -9.00 -25.32
15.52 -9.00 -25.92
15.52 -3.00 -25.92
15.22 -9.00 -25.32
15.22 -9.00 -25.92
15.82 3.00 -25.32
15.82 3.08 -25.32
15.82 6.04 -25.32
15.82 9.00 -25.32
15.22 9.00 -25.32
15.22 6.13 -25.32
15.32 6.06 -25.32
15.22 6.00 -25.32
15.22 -6.00 -25.32
15.64 -3.77 -23.86
15.65 -3.71 -23.82
16.08 -1.42 -22.32
15.30 -6.03 -25.32
16.20 -1.36 -22.37
16.11 -1.41 -22.44
15.30 -5.91 -25.32
15.82 3.00 -25.92
15.52 3.00 -25.92
15.27 -3.00 -25.92
15.27 -2.95 -25.92
15.22 -2.95 -25.92
15.22 -1.51 -25.92
15.27 -1.51 -25.92
15.27 -1.46 -25.92
15.22 -1.46 -25.92
15.22 -0.02 -25.92
15.27 -0.02 -25.92
15.27 0.02 -25.92
15.22 0.02 -25.92
15.22 1.49 -25.92
15.27 1.49 -25.92
15.27 1.54 -25.92
15.22 1.54 -25.92
15.22 2.95 -25.92
15.27 2.95 -25.92
15.27 3.00 -25.92
15.52 9.00 -25.92
15.82 9.00 -25.92
15.22 9.00 -25.92
15.22 3.00 -25.92
15.64 3.79 -23.86
15.65 3.72 -23.82
16.05 1.47 -22.20
16.08 1.45 -22.32
15.22 2.95 -26.68
15.22 3.00 -26.73
15.22 -3.00 -26.73
15.27 2.95 -26.73
18.42 3.00 -26.73
15.27 3.00 -26.68
15.27 3.00 -26.30
15.27 3.00 -26.25
15.27 2.95 -26.25
15.22 2.95 -26.25
15.22 2.95 -26.30
15.27 2.95 -26.68
15.27 2.95 -26.30
17.04 3.00 -26.30
17.04 2.95 -26.30
17.09 3.00 -26.30
18.37 3.00 -26.30
17.04 3.00 -26.25
17.09 3.00 -26.25
18.37 3.00 -26.25
18.37 3.00 -25.92
18.42 3.00 -25.32
17.09 3.00 -25.92
17.09 2.95 -25.92
17.12 -3.00 -25.92
17.12 -2.95 -25.92
17.07 -2.95 -25.92
17.07 -3.00 -25.92
17.07 -3.00 -26.25
17.12 -3.00 -26.25
15.27 -3.00 -26.30
15.27 -3.00 -26.25
15.22 -3.00 -25.92
15.22 1.49 -26.68
15.22 1.54 -26.25
15.22 1.54 -26.30
15.22 1.54 -26.68
15.27 1.54 -26.68
15.27 1.54 -26.30
15.27 1.54 -26.25
15.27 1.49 -26.68
15.27 -2.95 -26.73
17.04 2.95 -25.92
17.04 2.95 -26.25
17.04 2.95 -26.68
18.37 2.95 -26.73
18.37 2.95 -26.68
17.09 2.95 -26.68
17.09 2.95 -26.30
18.37 2.95 -26.30
18.37 2.95 -26.25
17.09 2.95 -26.25
17.04 3.00 -25.92
16.42 -0.90 -28.37
16.37 -0.90 -28.60
15.72 -0.90 -31.27
14.82 0.00 -31.29
16.63 0.00 -31.25
16.42 0.90 -28.37
16.37 0.90 -28.60
15.72 0.90 -31.27
15.47 0.90 -32.31
14.57 0.00 -32.31
16.45 0.00 -32.00
16.37 0.00 -32.31
15.47 -0.90 -32.31
15.01 -1.74 -32.31
14.57 -1.56 -32.31
14.57 1.56 -32.31
14.20 1.27 -32.31
14.20 -1.27 -32.31
13.91 0.90 -32.31
13.91 -0.90 -32.31
13.73 0.47 -32.31
13.73 -0.47 -32.31
13.67 0.00 -32.31
13.73 0.47 -33.17
13.67 0.00 -33.17
13.91 0.90 -33.17
14.20 1.27 -33.17
14.57 1.56 -33.17
15.01 1.74 -32.31
15.01 1.74 -33.17
15.47 1.80 -32.31
15.94 1.74 -32.31
16.37 1.56 -32.31
16.74 -1.27 -32.31
16.37 -1.56 -32.31
15.94 -1.74 -32.31
15.47 -1.80 -32.31
15.01 -1.74 -33.17
15.47 -1.80 -33.17
14.57 -1.56 -33.17
14.20 -1.27 -33.17
13.91 -0.90 -33.17
13.73 -0.47 -33.17
13.75 -0.00 -33.17
13.81 0.45 -33.17
13.98 0.86 -33.17
14.25 1.22 -33.17
14.61 1.49 -33.17
15.03 1.67 -33.17
15.47 1.80 -33.17
15.94 1.74 -33.17
16.37 1.56 -33.17
16.74 1.27 -32.31
16.74 1.27 -33.17
17.03 -0.90 -32.31
16.74 -1.27 -33.17
17.03 -0.90 -33.17
16.37 -1.56 -33.17
15.94 -1.74 -33.17
15.92 -1.67 -33.17
15.47 -1.72 -33.17
15.03 -1.67 -33.17
14.61 -1.49 -33.17
14.25 -1.22 -33.17
13.98 -0.86 -33.17
13.81 -0.45 -33.17
13.75 -0.00 -32.46
13.81 -0.45 -32.46
13.81 0.45 -32.46
13.98 0.86 -32.46
14.25 1.22 -32.46
13.98 -0.86 -32.46
14.25 -1.22 -32.46
14.61 1.49 -32.46
15.03 1.67 -32.46
14.61 -1.49 -32.46
15.03 -1.67 -32.46
15.47 1.72 -32.46
15.47 1.72 -33.17
15.92 1.67 -33.17
16.33 1.49 -33.17
16.69 1.22 -33.17
16.96 0.86 -33.17
17.03 0.90 -33.17
17.03 0.90 -32.31
17.21 -0.47 -32.31
17.21 -0.47 -33.17
17.14 -0.45 -33.17
16.96 -0.86 -33.17
16.69 -1.22 -33.17
16.33 -1.49 -33.17
15.92 -1.67 -32.46
16.33 -1.49 -32.46
16.02 -0.57 -32.46
15.80 -0.40 -32.46
15.66 -0.15 -32.46
15.47 -1.72 -32.46
15.63 0.12 -32.46
15.92 1.67 -32.46
16.33 1.49 -32.46
16.11 0.75 -32.46
15.87 0.61 -32.46
15.70 0.39 -32.46
15.70 0.39 -33.81
15.63 0.12 -33.81
15.87 0.61 -33.81
16.11 0.75 -33.81
16.39 0.79 -32.46
16.39 0.79 -33.81
16.69 1.22 -32.46
16.96 0.86 -32.46
16.88 0.55 -32.46
16.66 0.72 -32.46
16.66 0.72 -33.81
16.88 0.55 -33.81
17.02 0.30 -32.46
17.02 0.30 -33.81
17.14 0.45 -32.46
17.14 0.45 -33.17
17.21 0.47 -33.17
17.21 0.47 -32.31
17.27 0.00 -32.31
17.27 0.00 -33.17
17.20 0.00 -33.17
17.14 -0.45 -32.46
17.20 0.00 -32.46
17.05 0.03 -32.46
16.98 -0.24 -32.46
16.96 -0.86 -32.46
16.81 -0.46 -32.46
16.69 -1.22 -32.46
16.57 -0.60 -32.46
16.29 -0.64 -32.46
16.02 -0.57 -33.81
16.29 -0.64 -33.81
15.80 -0.40 -33.81
15.66 -0.15 -33.81
15.77 -0.12 -34.15
15.74 0.11 -34.15
15.89 -0.32 -34.15
16.02 -0.03 -34.39
16.08 -0.15 -34.39
16.00 0.10 -34.39
15.80 0.34 -34.15
16.03 0.23 -34.39
15.94 0.53 -34.15
16.12 0.33 -34.39
16.15 0.64 -34.15
16.38 0.67 -34.15
16.61 0.61 -34.15
16.79 0.47 -34.15
16.91 0.27 -34.15
17.05 0.03 -33.81
16.94 0.04 -34.15
16.98 -0.24 -33.81
16.81 -0.46 -33.81
16.57 -0.60 -33.81
16.53 -0.49 -34.15
16.30 -0.52 -34.15
16.74 -0.38 -34.15
16.45 -0.25 -34.39
16.57 -0.18 -34.39
16.32 -0.27 -34.39
16.07 -0.46 -34.15
16.19 -0.23 -34.39
16.34 0.07 -34.47
16.65 -0.08 -34.39
16.68 0.05 -34.39
16.66 0.18 -34.39
16.60 0.30 -34.39
16.49 0.38 -34.39
16.36 0.42 -34.39
16.23 0.40 -34.39
16.88 -0.19 -34.15
14.82 4.75 -30.69
15.64 2.72 -29.59
15.59 2.83 -29.64
14.82 4.88 -30.69
14.22 6.74 -30.69
14.22 -6.74 -30.69
14.82 -6.74 -30.69
14.82 -4.88 -30.69
14.82 -4.75 -30.69
14.82 -2.77 -30.69
14.82 -1.38 -30.69
14.82 -1.26 -30.69
14.82 0.00 -30.69
14.82 1.26 -30.69
14.82 1.38 -30.69
14.82 2.77 -30.69
14.82 6.74 -30.69
14.22 6.74 -31.29
14.22 -6.74 -31.29
14.52 6.74 -31.29
14.52 -6.74 -31.29
14.82 6.74 -31.29
14.82 2.77 -31.29
14.82 2.72 -31.29
14.82 -2.77 -31.29
14.82 -2.72 -31.29
14.82 -6.74 -31.29
17.48 -2.77 -31.24
17.53 -2.77 -31.23
17.53 -2.77 -30.63
17.53 2.77 -30.63
17.53 -2.72 -31.23
17.53 -0.05 -31.23
17.53 0.00 -31.23
17.53 2.72 -31.23
17.53 2.77 -31.23
17.48 2.77 -31.24
17.48 -0.05 -31.24
17.48 0.00 -31.24
17.48 -2.72 -31.24
17.48 2.72 -31.24
14.87 2.72 -31.29
14.87 2.77 -31.29
14.87 -2.77 -31.29
14.87 -2.72 -31.29
15.59 -2.83 -29.64
15.64 -2.72 -29.59
21.70 1.50 -25.32
21.82 1.50 -25.32
21.82 1.50 -26.73
18.42 1.50 -26.73
18.42 1.50 -26.68
20.09 1.50 -26.68
20.14 1.50 -26.68
21.77 1.50 -26.68
21.77 1.50 -26.30
21.77 1.50 -26.25
21.77 1.50 -25.92
20.14 1.50 -25.92
20.14 1.50 -26.25
20.14 1.50 -26.30
20.14 1.50 -26.68
20.09 1.50 -26.68
20.09 1.50 -26.30
18.42 1.50 -26.30
18.42 1.50 -26.25
20.09 1.50 -26.25
20.09 1.50 -26.25
20.09 1.50 -25.92
20.09 1.50 -25.92
18.42 1.50 -25.92
18.42 1.50 -25.32
21.82 1.45 -25.92
21.82 0.00 -25.92
21.82 -0.05 -25.92
21.82 -1.45 -25.92
21.82 -1.45 -26.25
21.82 -1.45 -26.30
21.82 -1.45 -26.68
21.82 -1.50 -26.73
21.82 -0.05 -26.68
21.82 0.00 -26.68
21.82 1.45 -26.68
21.82 1.45 -26.25
21.77 1.45 -25.92
21.77 1.45 -26.25
21.77 1.45 -26.30
20.14 1.45 -26.25
20.09 1.45 -26.25
20.09 1.45 -26.68
20.09 1.45 -26.68
18.42 1.45 -26.68
18.42 1.45 -26.30
20.09 1.45 -26.30
20.09 1.45 -26.25
18.42 1.45 -26.25
18.42 1.45 -25.92
18.37 1.45 -25.92
18.37 1.45 -26.73
21.77 1.45 -26.73
21.77 1.45 -26.68
20.14 1.45 -26.68
20.14 1.45 -26.30
20.14 1.45 -25.92
20.09 1.45 -25.92
20.09 1.50 -26.30
18.37 1.50 -26.68
18.37 1.50 -26.30
18.37 1.50 -25.92
18.37 1.50 -26.25
18.42 2.95 -26.25
18.37 2.95 -25.92
18.42 2.95 -25.92
18.37 -2.95 -25.92
18.42 2.95 -26.30
18.42 2.95 -26.68
18.37 3.00 -26.68
17.09 3.00 -26.68
17.04 3.00 -26.68
21.77 -1.45 -26.73
18.37 -1.45 -26.73
18.37 -2.95 -26.73
17.12 -3.00 -26.68
17.07 -3.00 -26.68
15.27 -3.00 -26.68
15.27 -2.95 -26.68
15.27 -2.95 -26.30
15.22 -2.95 -26.68
15.22 -2.95 -26.30
15.22 -1.51 -26.68
15.22 -1.46 -26.68
15.22 -0.02 -26.68
15.22 0.02 -26.68
15.27 0.02 -26.68
15.22 0.02 -26.30
15.27 0.02 -26.30
15.22 0.02 -26.25
15.22 -0.02 -26.30
15.27 -0.02 -26.68
15.27 -0.02 -26.30
15.27 -0.02 -26.25
15.27 -1.46 -26.68
15.22 -1.46 -26.30
15.27 -1.46 -26.30
15.22 -1.46 -26.25
15.22 -1.51 -26.25
15.22 -1.51 -26.30
15.22 -2.95 -26.25
15.27 -1.51 -26.30
15.27 -1.51 -26.68
17.12 -2.95 -26.30
17.12 -2.95 -26.68
17.07 -2.95 -26.68
17.07 -2.95 -26.30
15.27 -2.95 -26.25
17.07 -2.95 -26.25
17.12 -2.95 -26.25
17.12 -3.00 -26.30
17.07 -3.00 -26.30
18.37 -2.95 -26.25
18.37 -1.50 -26.25
18.37 -1.50 -25.92
18.37 -1.45 -25.92
18.37 -1.50 -26.68
18.37 -1.50 -26.30
18.42 -1.45 -25.92
18.42 -1.45 -26.25
20.09 -1.50 -26.25
20.09 -1.45 -26.25
20.09 -1.45 -25.92
20.09 -1.50 -25.92
20.14 -1.45 -26.25
20.14 -1.45 -25.92
21.77 -1.50 -25.92
21.77 -1.50 -26.25
21.77 -1.45 -25.92
21.77 -1.45 -26.25
21.82 -0.05 -26.25
21.77 -0.05 -26.25
21.82 -0.05 -26.30
21.82 0.00 -26.30
21.82 0.00 -26.25
21.77 0.00 -26.25
21.77 0.00 -25.92
21.77 0.00 -26.30
21.77 0.00 -26.68
21.77 -1.45 -26.68
21.77 -0.05 -26.68
21.77 -0.05 -26.30
21.77 -1.45 -26.30
21.77 -0.05 -25.92
21.82 1.45 -26.30
20.14 -1.45 -26.68
20.09 -1.45 -26.68
18.42 -1.45 -26.68
18.42 -1.45 -26.30
20.14 -1.45 -26.30
20.14 -1.50 -26.25
20.14 -1.50 -25.92
20.14 -1.50 -26.30
20.09 -1.50 -26.30
20.09 -1.45 -26.30
20.09 -1.50 -26.68
20.14 -1.50 -26.68
21.77 -1.50 -26.30
21.77 -1.50 -26.68
15.27 -1.51 -26.25
15.27 -1.46 -26.25
15.22 -0.02 -26.25
15.27 0.02 -26.25
15.27 1.49 -26.25
15.22 1.49 -26.25
15.27 1.49 -26.30
15.22 1.49 -26.30
16.15 1.41 -22.25
13.50 2.95 -9.40
13.50 2.96 -9.40
13.50 2.96 -9.40
27.79 -4.91 -12.21
27.56 -4.91 -12.21
27.56 -5.16 -12.21
27.79 -5.16 -12.21
32.62 3.09 -6.91
30.32 3.09 -6.91
32.23 3.09 -5.50
32.62 3.09 -5.50
32.62 -3.09 -6.91
30.32 -3.09 -6.91
32.62 -3.09 -5.50
32.23 -3.09 -5.50
2.47 3.30 -3.20
2.47 -3.30 -3.20
1.66 2.72 -10.64
-0.36 2.72 -10.64
1.66 -2.72 -10.64
-0.36 -2.72 -10.64
-6.20 -1.82 -10.48
-6.17 -1.79 -10.64
-6.20 1.82 -10.48
-6.17 1.79 -10.64
-6.17 -0.10 -10.64
-6.47 -1.79 -10.64
-6.47 1.79 -10.64
-5.85 1.40 -12.55
1.45 2.57 -12.55
-5.85 -1.40 -12.55
1.45 -2.57 -12.55
-2.99 0.13 1.83
-2.98 -0.13 1.83
-3.07 0.39 1.83
-3.21 0.62 1.83
-3.40 0.80 1.83
-3.64 0.92 1.83
-3.90 0.98 1.83
-4.16 0.98 1.83
-4.42 0.90 1.83
-4.65 0.76 1.83
-4.83 0.56 1.83
-4.95 0.33 1.83
-5.01 0.07 1.83
-5.00 -0.20 1.83
-4.93 -0.46 1.83
-4.79 -0.68 1.83
-4.59 -0.86 1.83
-4.36 -0.99 1.83
-4.10 -1.05 1.83
-3.83 -1.04 1.83
-3.57 -0.96 1.83
-3.35 -0.82 1.83
-3.17 -0.63 1.83
-3.04 -0.39 1.83
-1.38 0.37 -8.61
-1.35 0.64 -8.61
-1.34 0.10 -8.61
-1.23 -0.15 -8.61
-1.06 -0.37 -8.61
-0.84 -0.53 -8.61
-0.59 -0.63 -8.61
-0.32 -0.66 -8.61
-0.05 -0.62 -8.61
0.20 -0.51 -8.61
0.42 -0.34 -8.61
0.58 -0.12 -8.61
0.68 0.13 -8.61
0.71 0.40 -8.61
0.67 0.67 -8.61
0.56 0.92 -8.61
0.39 1.14 -8.61
0.17 1.30 -8.61
-0.08 1.40 -8.61
-0.35 1.43 -8.61
-0.62 1.39 -8.61
-0.87 1.28 -8.61
-1.09 1.11 -8.61
-1.25 0.90 -8.61
49.37 -3.97 -1.69
48.37 -4.65 -1.62
48.30 -4.52 -1.61
48.23 -4.72 -1.61
47.08 -5.12 -1.52
47.05 -4.97 -1.52
46.94 -5.15 -1.51
45.72 -5.23 -1.42
45.58 -5.07 -1.41
44.43 -4.85 -1.32
44.38 -4.99 -1.32
44.29 -4.80 -1.31
43.23 -4.29 -1.23
43.15 -4.41 -1.23
44.24 -4.95 -1.31
45.58 -5.22 -1.41
43.02 -4.33 -1.22
42.10 -3.53 -1.15
42.22 -3.43 -1.16
43.11 -4.20 -1.23
45.73 -5.08 -1.42
46.91 -5.00 -1.51
48.17 -4.58 -1.60
49.27 -3.86 -1.68
49.16 -3.75 -1.68
48.68 4.13 -1.64
49.12 3.75 -1.67
47.79 3.75 -1.57
47.79 -3.75 -1.57
48.70 4.29 -1.64
49.71 3.43 -1.72
49.81 3.32 -1.72
49.92 3.42 -1.73
49.99 3.58 -1.74
50.78 2.41 -1.80
51.24 1.08 -1.83
51.34 -0.32 -1.84
51.07 -1.71 -1.82
50.46 -2.98 -1.77
50.28 -2.95 -1.76
49.49 -3.87 -1.70
49.39 -3.76 -1.69
50.08 -2.73 -1.74
49.24 -3.70 -1.68
49.65 3.28 -1.71
50.38 2.21 -1.77
50.80 0.99 -1.80
50.89 -0.30 -1.80
50.64 -1.56 -1.79
50.47 2.34 -1.77
50.60 2.41 -1.78
50.67 2.28 -1.79
51.07 1.12 -1.82
51.10 0.98 -1.82
51.18 -0.24 -1.83
51.17 -0.39 -1.83
50.94 -1.59 -1.81
50.90 -1.73 -1.80
50.36 -2.82 -1.77
50.24 -2.74 -1.76
50.16 -2.87 -1.75
50.75 -1.68 -1.79
50.80 -1.54 -1.80
51.02 -0.38 -1.81
50.92 1.09 -1.81
50.54 2.21 -1.78
50.95 0.95 -1.81
51.03 -0.23 -1.82
52.55 2.08 -1.93
53.00 2.08 -1.96
53.00 1.25 -1.96
53.00 0.83 -1.96
53.00 0.00 -1.96
53.00 -0.42 -1.96
53.00 -1.25 -1.96
53.00 -1.67 -1.96
53.00 -2.50 -1.96
52.55 -2.50 -1.93
52.55 -1.67 -1.93
52.55 -1.25 -1.93
52.55 -0.42 -1.93
52.55 0.00 -1.93
52.55 0.83 -1.93
52.55 1.25 -1.93
12.66 -0.30 -38.97
12.36 0.00 -38.97
13.94 0.00 -32.46
14.24 -0.30 -32.46
12.38 -0.50 -38.97
12.26 -0.41 -38.97
12.38 -0.50 -38.90
12.26 -0.41 -38.90
12.51 -0.55 -38.97
12.51 -0.55 -38.90
12.66 -0.57 -38.97
12.94 -0.02 -38.97
14.54 0.00 -32.46
12.96 0.00 -38.97
12.66 -0.30 -38.90
12.96 0.00 -38.90
12.91 0.00 -38.97
12.94 0.02 -38.97
12.66 0.30 -38.97
12.95 -0.50 -38.97
12.81 -0.55 -38.97
12.81 -0.55 -38.90
12.66 -0.57 -38.90
12.95 -0.50 -38.90
13.07 -0.41 -38.97
13.07 -0.41 -38.90
13.07 0.41 -38.97
12.95 0.50 -38.97
12.81 0.55 -38.97
12.66 0.57 -38.97
12.51 0.55 -38.97
12.38 0.50 -38.97
12.26 0.41 -38.97
12.17 -0.29 -38.97
12.17 0.29 -38.97
12.11 -0.15 -38.97
12.11 0.15 -38.97
12.09 -0.00 -38.97
12.11 -0.15 -38.90
12.09 -0.00 -38.90
12.17 -0.29 -38.90
12.17 0.29 -38.90
12.11 0.15 -38.90
12.26 0.41 -38.90
12.36 0.00 -38.90
13.07 0.41 -38.90
12.95 0.50 -38.90
12.81 0.55 -38.90
12.66 0.57 -38.90
12.66 0.30 -38.90
12.51 0.55 -38.90
12.38 0.50 -38.90
13.16 0.29 -38.97
13.16 0.29 -38.90
13.16 -0.29 -38.97
13.22 0.15 -38.97
13.22 0.15 -38.90
13.22 -0.15 -38.90
13.16 -0.29 -38.90
13.22 -0.15 -38.97
13.24 0.00 -38.97
13.24 0.00 -38.90
14.24 0.30 -32.46
12.72 0.00 -39.96
77.70 0.00 39.96
