-0.3491 0.0000 3.7
-0.3447 -0.0279 3.7
-0.3067 -0.0570 3.7
-0.2480 -0.0861 3.7
-0.1820 -0.1152 3.7
-0.1040 -0.1442 3.7
-0.0112 -0.1733 3.7
0.0971 -0.2024 3.7
0.2190 -0.2315 3.7
0.3526 -0.2606 3.7
0.4939 -0.2897 3.7
0.6397 -0.3188 3.7
0.7854 -0.3479 3.7
0.7854 -0.3491 3.7
0.7854 -0.3491 3.7
0.7854 -0.3491 3.7
0.7854 -0.3491 3.7
0.7854 -0.3491 3.7
0.7854 -0.3491 3.7
0.7854 -0.3491 3.7
0.7854 -0.3491 3.7
0.7854 -0.3491 3.7
0.7854 -0.3491 3.7
0.7854 -0.3491 3.7
0.7854 -0.3491 3.7
0.7854 -0.3491 3.7
0.7854 -0.3491 3.7
0.7854 -0.3491 3.7
0.7854 -0.3491 3.7
0.7854 -0.3491 3.7
0.7854 -0.3491 3.7
0.7854 -0.3491 3.7
0.7854 -0.3491 3.7
0.7854 -0.3491 3.7
0.7854 -0.3491 3.7
0.7854 -0.3491 3.7
0.7854 -0.3491 3.7
0.7854 -0.3491 3.7
0.7854 -0.3491 3.7
0.7854 -0.3491 3.7
0.7854 -0.3479 3.7
0.7854 -0.3450 3.7
0.7854 -0.3412 3.7
0.7854 -0.3368 3.7
0.7854 -0.3321 3.7
0.7854 -0.3272 3.7
0.7854 -0.3222 3.7
0.7854 -0.3173 3.7
0.7854 -0.3124 3.7
0.7854 -0.3076 3.7
0.7854 -0.3029 3.7
0.7854 -0.2983 3.7
0.7854 -0.2938 3.7
0.7854 -0.2894 3.7
0.7854 -0.2852 3.7
0.7854 -0.2810 3.7
0.7854 -0.2769 3.7
0.7854 -0.2729 3.7
0.7854 -0.2690 3.7
0.7854 -0.2652 3.7
0.7854 -0.2614 3.7
0.7854 -0.2578 3.7
0.7854 -0.2542 3.7
0.7854 -0.2507 3.7
0.7854 -0.2472 3.7
0.7854 -0.2438 3.7
0.7854 -0.2405 3.7
0.7854 -0.2372 3.7
0.7854 -0.2339 3.7
0.7854 -0.2308 3.7
0.7854 -0.2277 3.7
0.7854 -0.2247 3.7
0.7854 -0.2217 3.7
0.7854 -0.2189 3.7
0.7854 -0.2161 3.7
0.7854 -0.2134 3.7
0.7833 -0.2111 3.7
0.7584 -0.2132 3.7
0.7343 -0.2152 3.7
0.7077 -0.2177 3.7
0.6826 -0.2195 3.7
0.6597 -0.2207 3.7
0.6371 -0.2217 3.7
0.6141 -0.2227 3.7
0.5920 -0.2233 3.7
0.5707 -0.2237 3.7
0.5498 -0.2239 3.7
0.5291 -0.2240 3.7
0.5090 -0.2238 3.7
0.4895 -0.2235 3.7
0.4704 -0.2230 3.7
0.4516 -0.2225 3.7
0.4331 -0.2218 3.7
0.4152 -0.2210 3.7
0.3977 -0.2201 3.7
0.3806 -0.2191 3.7
0.3637 -0.2180 3.7
0.3469 -0.2169 3.7
0.3303 -0.2156 3.7
0.3138 -0.2143 3.7
0.2974 -0.2129 3.7
0.2809 -0.2114 3.7
0.2646 -0.2098 3.7
0.2488 -0.2080 3.7
0.2335 -0.2062 3.7
0.2186 -0.2042 3.7
0.2044 -0.2022 3.7
0.1907 -0.2000 3.7
0.1776 -0.1977 3.7
0.1647 -0.1954 3.7
0.1521 -0.1930 3.7
0.1389 -0.1905 3.7
0.1252 -0.1879 3.7
0.1108 -0.1837 3.7
0.0995 -0.1752 3.7
0.0894 -0.1670 3.7
0.0793 -0.1609 3.7
0.0693 -0.1560 3.7
0.0599 -0.1521 3.7
0.0509 -0.1491 3.7
0.0418 -0.1469 3.7
0.0329 -0.1451 3.7
0.0244 -0.1437 3.7
0.0160 -0.1426 3.7
0.0078 -0.1415 3.7
-0.0002 -0.1403 3.7
-0.0081 -0.1390 3.7
-0.0157 -0.1375 3.7
-0.0232 -0.1358 3.7
-0.0306 -0.1337 3.7
-0.0377 -0.1313 3.7
-0.0447 -0.1286 3.7
-0.0515 -0.1256 3.7
-0.0582 -0.1224 3.7
-0.0648 -0.1188 3.7
-0.0711 -0.1151 3.7
-0.0774 -0.1112 3.7
-0.0835 -0.1072 3.7
-0.0894 -0.1032 3.7
-0.0953 -0.0991 3.7
-0.1010 -0.0952 3.7
-0.1065 -0.0913 3.7
-0.1120 -0.0876 3.7
-0.1173 -0.0842 3.7
-0.1225 -0.0810 3.7
-0.1276 -0.0781 3.7
-0.1326 -0.0755 3.7
-0.1374 -0.0733 3.7
-0.1422 -0.0716 3.7
-0.1469 -0.0702 3.7
-0.1514 -0.0693 3.7
-0.1559 -0.0688 3.7
-0.1602 -0.0687 3.7
-0.1645 -0.0691 3.7
-0.1686 -0.0700 3.7
-0.1727 -0.0712 3.7
-0.1766 -0.0728 3.7
-0.1805 -0.0748 3.7
-0.1843 -0.0771 3.7
-0.1880 -0.0797 3.7
-0.1916 -0.0826 3.7
-0.1951 -0.0857 3.7
-0.1986 -0.0890 3.7
-0.2020 -0.0924 3.7
-0.2053 -0.0960 3.7
-0.2085 -0.0996 3.7
-0.2116 -0.1033 3.7
-0.2147 -0.1070 3.7
-0.2177 -0.1106 3.7
-0.2206 -0.1142 3.7
-0.2235 -0.1177 3.7
-0.2263 -0.1211 3.7
-0.2290 -0.1244 3.7
-0.2317 -0.1274 3.7
-0.2343 -0.1303 3.7
-0.2369 -0.1329 3.7
-0.2394 -0.1353 3.7
-0.2418 -0.1375 3.7
-0.2442 -0.1394 3.7
-0.2465 -0.1410 3.7
-0.2488 -0.1423 3.7
-0.2511 -0.1433 3.7
-0.2533 -0.1440 3.7
-0.2554 -0.1444 3.7
-0.2575 -0.1445 3.7
-0.2595 -0.1444 3.7
-0.2616 -0.1440 3.7
-0.2635 -0.1434 3.7
-0.2654 -0.1425 3.7
-0.2673 -0.1415 3.7
-0.2692 -0.1402 3.7
-0.2710 -0.1388 3.7
-0.2727 -0.1373 3.7
-0.2744 -0.1356 3.7
-0.2761 -0.1338 3.7
-0.2778 -0.1319 3.7
-0.2794 -0.1300 3.7
-0.2809 -0.1280 3.7
-0.2825 -0.1260 3.7
-0.2840 -0.1239 3.7
-0.2854 -0.1218 3.7
-0.2869 -0.1198 3.7
-0.2883 -0.1178 3.7
-0.2896 -0.1158 3.7
-0.2910 -0.1140 3.7
-0.2923 -0.1122 3.7
-0.2936 -0.1105 3.7
-0.2948 -0.1089 3.7
-0.2960 -0.1074 3.7
-0.2972 -0.1061 3.7
-0.2984 -0.1049 3.7
-0.2995 -0.1038 3.7
-0.3006 -0.1029 3.7
-0.3017 -0.1021 3.7
-0.3028 -0.1014 3.7
-0.3038 -0.1009 3.7
-0.3048 -0.1005 3.7
-0.3058 -0.1002 3.7
-0.3068 -0.1001 3.7
-0.3077 -0.1000 3.7
-0.3087 -0.1001 3.7
-0.3096 -0.1002 3.7
-0.3104 -0.1005 3.7
-0.3113 -0.1008 3.7
-0.3122 -0.1011 3.7
-0.3130 -0.1015 3.7
-0.3138 -0.1020 3.7
-0.3146 -0.1025 3.7
-0.3153 -0.1029 3.7
-0.3161 -0.1034 3.7
-0.3168 -0.1039 3.7
-0.3175 -0.1044 3.7
-0.3182 -0.1049 3.7
-0.3189 -0.1053 3.7
-0.3196 -0.1058 3.7
-0.3203 -0.1061 3.7
-0.3209 -0.1065 3.7
-0.3215 -0.1068 3.7
-0.3221 -0.1070 3.7
-0.3227 -0.1072 3.7
-0.3233 -0.1073 3.7
-0.3239 -0.1074 3.7
-0.3245 -0.1074 3.7
-0.3250 -0.1073 3.7
-0.3255 -0.1072 3.7
-0.3261 -0.1071 3.7
-0.3266 -0.1069 3.7
-0.3271 -0.1066 3.7
-0.3276 -0.1063 3.7
-0.3280 -0.1060 3.7
-0.3285 -0.1056 3.7
-0.3290 -0.1052 3.7
-0.3294 -0.1048 3.7
-0.3299 -0.1043 3.7
-0.3303 -0.1039 3.7
-0.3307 -0.1034 3.7
-0.3311 -0.1029 3.7
-0.3315 -0.1024 3.7
-0.3319 -0.1019 3.7
-0.3323 -0.1015 3.7
-0.3327 -0.1010 3.7
-0.3330 -0.1005 3.7
-0.3334 -0.1001 3.7
-0.3337 -0.0997 3.7
-0.3341 -0.0993 3.7
-0.3344 -0.0989 3.7
-0.3347 -0.0985 3.7
-0.3351 -0.0982 3.7
-0.3354 -0.0979 3.7
-0.3357 -0.0976 3.7
-0.3360 -0.0974 3.7
-0.3363 -0.0972 3.7
-0.3365 -0.0970 3.7
-0.3368 -0.0969 3.7
-0.3371 -0.0967 3.7
-0.3374 -0.0967 3.7
-0.3376 -0.0966 3.7
-0.3379 -0.0965 3.7
-0.3381 -0.0965 3.7
-0.3383 -0.0965 3.7
-0.3384 -0.0965 3.7
-0.3386 -0.0966 3.7
-0.3388 -0.0966 3.7
-0.3389 -0.0967 3.7
-0.3391 -0.0968 3.7
-0.3392 -0.0969 3.7
-0.3394 -0.0970 3.7
-0.3395 -0.0972 3.7
-0.3396 -0.0973 3.7
-0.3398 -0.0975 3.7
-0.3399 -0.0976 3.7
-0.3400 -0.0978 3.7
-0.3402 -0.0979 3.7
-0.3403 -0.0981 3.7
-0.3404 -0.0982 3.7
-0.3405 -0.0983 3.7
-0.3406 -0.0984 3.7
-0.3408 -0.0986 3.7
-0.3409 -0.0986 3.7
-0.3410 -0.0987 3.7
-0.3411 -0.0988 3.7
-0.3412 -0.0988 3.7
-0.3413 -0.0989 3.7
-0.3414 -0.0989 3.7
-0.3415 -0.0988 3.7
-0.3416 -0.0988 3.7
-0.3417 -0.0987 3.7
-0.3418 -0.0987 3.7
-0.3418 -0.0986 3.7
-0.3419 -0.0984 3.7
-0.3419 -0.0983 3.7
-0.3421 -0.0981 3.7
-0.3422 -0.0979 3.7
-0.3424 -0.0977 3.7
-0.3425 -0.0974 3.7
-0.3427 -0.0972 3.7
-0.3428 -0.0969 3.7
-0.3430 -0.0965 3.7
-0.3431 -0.0962 3.7
-0.3432 -0.0958 3.7
-0.3434 -0.0954 3.7
-0.3435 -0.0950 3.7
-0.3436 -0.0946 3.7
-0.3438 -0.0941 3.7
-0.3439 -0.0937 3.7
-0.3440 -0.0932 3.7
-0.3441 -0.0927 3.7
-0.3442 -0.0923 3.7
-0.3443 -0.0918 3.7
-0.3445 -0.0913 3.7
-0.3446 -0.0909 3.7
-0.3447 -0.0904 3.7
-0.3448 -0.0900 3.7
-0.3449 -0.0896 3.7
-0.3450 -0.0891 3.7
-0.3451 -0.0888 3.7
-0.3452 -0.0884 3.7
-0.3452 -0.0880 3.7
-0.3453 -0.0877 3.7
-0.3454 -0.0874 3.7
-0.3455 -0.0871 3.7
-0.3456 -0.0869 3.7
-0.3457 -0.0866 3.7
-0.3457 -0.0864 3.7
-0.3458 -0.0863 3.7
-0.3459 -0.0861 3.7
-0.3460 -0.0860 3.7
-0.3460 -0.0858 3.7
-0.3461 -0.0858 3.7
-0.3462 -0.0857 3.7
-0.3462 -0.0856 3.7
-0.3463 -0.0856 3.7
-0.3464 -0.0856 3.7
-0.3464 -0.0855 3.7
-0.3465 -0.0855 3.7
-0.3465 -0.0855 3.7
-0.3466 -0.0856 3.7
-0.3467 -0.0856 3.7
-0.3467 -0.0856 3.7
-0.3468 -0.0856 3.7
-0.3468 -0.0856 3.7
-0.3469 -0.0856 3.7
-0.3469 -0.0857 3.7
-0.3470 -0.0857 3.7
-0.3470 -0.0857 3.7
-0.3471 -0.0857 3.7
-0.3471 -0.0856 3.7
-0.3471 -0.0856 3.7
-0.3472 -0.0856 3.7
-0.3472 -0.0855 3.7
-0.3473 -0.0855 3.7
-0.3473 -0.0854 3.7
-0.3474 -0.0853 3.7
-0.3474 -0.0852 3.7
-0.3474 -0.0851 3.7
-0.3475 -0.0850 3.7
-0.3475 -0.0849 3.7
-0.3475 -0.0847 3.7
-0.3476 -0.0846 3.7
-0.3476 -0.0844 3.7
-0.3477 -0.0843 3.7
-0.3477 -0.0841 3.7
-0.3477 -0.0839 3.7
-0.3477 -0.0837 3.7
-0.3478 -0.0835 3.7
-0.3478 -0.0833 3.7
-0.3478 -0.0831 3.7
-0.3479 -0.0830 3.7
-0.3479 -0.0828 3.7
-0.3479 -0.0826 3.7
-0.3480 -0.0824 3.7
-0.3480 -0.0822 3.7
-0.3480 -0.0820 3.7
-0.3480 -0.0818 3.7
-0.3481 -0.0817 3.7
-0.3481 -0.0815 3.7
-0.3481 -0.0813 3.7
-0.3481 -0.0812 3.7
-0.3481 -0.0810 3.7
-0.3482 -0.0809 3.7
-0.3482 -0.0808 3.7
-0.3482 -0.0806 3.7
-0.3482 -0.0805 3.7
-0.3483 -0.0804 3.7
-0.3483 -0.0803 3.7
-0.3483 -0.0802 3.7
-0.3483 -0.0802 3.7
-0.3483 -0.0801 3.7
-0.3483 -0.0800 3.7
-0.3484 -0.0799 3.7
-0.3484 -0.0799 3.7
-0.3484 -0.0798 3.7
-0.3484 -0.0798 3.7
-0.3484 -0.0797 3.7
-0.3484 -0.0797 3.7
-0.3485 -0.0797 3.7
-0.3485 -0.0796 3.7
-0.3485 -0.0796 3.7
-0.3485 -0.0795 3.7
-0.3485 -0.0795 3.7
-0.3485 -0.0795 3.7
-0.3485 -0.0794 3.7
-0.3485 -0.0794 3.7
-0.3486 -0.0793 3.7
-0.3486 -0.0793 3.7
-0.3486 -0.0793 3.7
-0.3486 -0.0792 3.7
-0.3486 -0.0792 3.7
-0.3486 -0.0791 3.7
-0.3486 -0.0790 3.7
-0.3486 -0.0790 3.7
-0.3487 -0.0789 3.7
-0.3487 -0.0788 3.7
-0.3487 -0.0788 3.7
-0.3487 -0.0787 3.7
-0.3487 -0.0786 3.7
-0.3487 -0.0785 3.7
-0.3487 -0.0784 3.7
-0.3487 -0.0784 3.7
-0.3487 -0.0783 3.7
-0.3487 -0.0782 3.7
-0.3487 -0.0781 3.7
-0.3488 -0.0780 3.7
-0.3488 -0.0779 3.7
-0.3488 -0.0778 3.7
-0.3488 -0.0777 3.7
-0.3488 -0.0776 3.7
-0.3488 -0.0775 3.7
-0.3488 -0.0775 3.7
-0.3488 -0.0774 3.7
-0.3488 -0.0773 3.7
-0.3488 -0.0772 3.7
-0.3488 -0.0771 3.7
-0.3488 -0.0770 3.7
-0.3488 -0.0770 3.7
-0.3488 -0.0769 3.7
-0.3489 -0.0768 3.7
-0.3489 -0.0767 3.7
-0.3489 -0.0767 3.7
-0.3489 -0.0766 3.7
-0.3489 -0.0765 3.7
-0.3489 -0.0765 3.7
-0.3489 -0.0764 3.7
-0.3489 -0.0764 3.7
-0.3489 -0.0763 3.7
-0.3489 -0.0763 3.7
-0.3489 -0.0762 3.7
-0.3489 -0.0762 3.7
-0.3489 -0.0761 3.7
-0.3489 -0.0761 3.7
-0.3489 -0.0761 3.7
-0.3489 -0.0760 3.7
-0.3489 -0.0760 3.7
-0.3489 -0.0760 3.7
-0.3489 -0.0759 3.7
-0.3489 -0.0759 3.7
-0.3489 -0.0758 3.7
-0.3490 -0.0758 3.7
-0.3490 -0.0758 3.7
-0.3490 -0.0757 3.7
-0.3490 -0.0757 3.7
-0.3490 -0.0757 3.7
-0.3490 -0.0756 3.7
-0.3490 -0.0756 3.7
-0.3490 -0.0755 3.7
-0.3490 -0.0755 3.7
-0.3490 -0.0755 3.7
-0.3490 -0.0754 3.7
-0.3490 -0.0754 3.7
-0.3490 -0.0753 3.7
-0.3490 -0.0753 3.7
-0.3490 -0.0753 3.7
-0.3490 -0.0752 3.7
-0.3490 -0.0752 3.7
-0.3490 -0.0751 3.7
-0.3490 -0.0751 3.7
-0.3490 -0.0750 3.7
-0.3490 -0.0750 3.7
-0.3490 -0.0749 3.7
-0.3490 -0.0749 3.7
-0.3490 -0.0748 3.7
-0.3490 -0.0748 3.7
-0.3490 -0.0747 3.7
-0.3490 -0.0747 3.7
-0.3490 -0.0746 3.7
-0.3490 -0.0746 3.7
-0.3490 -0.0745 3.7
-0.3490 -0.0745 3.7
-0.3490 -0.0745 3.7
-0.3490 -0.0744 3.7
-0.3490 -0.0744 3.7
-0.3490 -0.0743 3.7
-0.3490 -0.0743 3.7
-0.3490 -0.0742 3.7
-0.3490 -0.0742 3.7
-0.3491 -0.0742 3.7
-0.3491 -0.0741 3.7
-0.3491 -0.0741 3.7
-0.3491 -0.0741 3.7
-0.3491 -0.0740 3.7
-0.3491 -0.0740 3.7
-0.3491 -0.0739 3.7
-0.3491 -0.0739 3.7
-0.3491 -0.0739 3.7
-0.3491 -0.0738 3.7
-0.3491 -0.0738 3.7
-0.3491 -0.0738 3.7
-0.3491 -0.0738 3.7
-0.3491 -0.0737 3.7
-0.3491 -0.0737 3.7
-0.3491 -0.0737 3.7
-0.3491 -0.0736 3.7
-0.3491 -0.0736 3.7
-0.3491 -0.0736 3.7
-0.3491 -0.0735 3.7
-0.3491 -0.0735 3.7
-0.3491 -0.0735 3.7
-0.3491 -0.0735 3.7
-0.3491 -0.0734 3.7
-0.3491 -0.0734 3.7
-0.3491 -0.0734 3.7
-0.3491 -0.0733 3.7
-0.3491 -0.0733 3.7
-0.3491 -0.0733 3.7
-0.3491 -0.0732 3.7
-0.3491 -0.0732 3.7
-0.3491 -0.0732 3.7
-0.3491 -0.0731 3.7
-0.3491 -0.0731 3.7
-0.3491 -0.0731 3.7
-0.3491 -0.0730 3.7
-0.3491 -0.0730 3.7
-0.3491 -0.0730 3.7
-0.3491 -0.0729 3.7
-0.3491 -0.0729 3.7
-0.3491 -0.0729 3.7
-0.3491 -0.0728 3.7
-0.3491 -0.0728 3.7
-0.3491 -0.0728 3.7
-0.3491 -0.0727 3.7
-0.3491 -0.0727 3.7
-0.3491 -0.0727 3.7
-0.3491 -0.0726 3.7
-0.3491 -0.0726 3.7
-0.3491 -0.0726 3.7
-0.3491 -0.0725 3.7
-0.3491 -0.0725 3.7
-0.3491 -0.0725 3.7
-0.3491 -0.0724 3.7
-0.3491 -0.0724 3.7
-0.3491 -0.0724 3.7
-0.3491 -0.0724 3.7
-0.3491 -0.0723 3.7
-0.3491 -0.0723 3.7
-0.3491 -0.0723 3.7
-0.3491 -0.0722 3.7
-0.3491 -0.0722 3.7
-0.3491 -0.0722 3.7
-0.3491 -0.0721 3.7
-0.3491 -0.0721 3.7
-0.3491 -0.0721 3.7
-0.3491 -0.0721 3.7
-0.3491 -0.0720 3.7
-0.3491 -0.0720 3.7
-0.3491 -0.0720 3.7
-0.3491 -0.0719 3.7
-0.3491 -0.0719 3.7
-0.3491 -0.0719 3.7
-0.3491 -0.0719 3.7
-0.3491 -0.0718 3.7
-0.3491 -0.0718 3.7
-0.3491 -0.0718 3.7
-0.3491 -0.0717 3.7
-0.3491 -0.0717 3.7
-0.3491 -0.0717 3.7
-0.3491 -0.0717 3.7
-0.3491 -0.0716 3.7
-0.3491 -0.0716 3.7
-0.3491 -0.0716 3.7
-0.3491 -0.0715 3.7
-0.3491 -0.0715 3.7
-0.3491 -0.0715 3.7
-0.3491 -0.0714 3.7
-0.3491 -0.0714 3.7
-0.3491 -0.0714 3.7
-0.3491 -0.0714 3.7
-0.3491 -0.0713 3.7
-0.3491 -0.0713 3.7
-0.3491 -0.0713 3.7
-0.3491 -0.0712 3.7
-0.3491 -0.0712 3.7
-0.3491 -0.0712 3.7
-0.3491 -0.0711 3.7
-0.3491 -0.0711 3.7
-0.3491 -0.0711 3.7
-0.3491 -0.0711 3.7
-0.3491 -0.0710 3.7
-0.3491 -0.0710 3.7
-0.3491 -0.0710 3.7
-0.3491 -0.0709 3.7
-0.3491 -0.0709 3.7
-0.3491 -0.0709 3.7
-0.3491 -0.0708 3.7
-0.3491 -0.0708 3.7
-0.3491 -0.0708 3.7
-0.3491 -0.0708 3.7
-0.3491 -0.0707 3.7
-0.3491 -0.0707 3.7
-0.3491 -0.0707 3.7
-0.3491 -0.0706 3.7
-0.3491 -0.0706 3.7
-0.3491 -0.0706 3.7
-0.3491 -0.0705 3.7
-0.3491 -0.0705 3.7
-0.3491 -0.0705 3.7
-0.3491 -0.0705 3.7
-0.3491 -0.0704 3.7
-0.3491 -0.0704 3.7
-0.3491 -0.0704 3.7
-0.3491 -0.0703 3.7
-0.3491 -0.0703 3.7
-0.3491 -0.0703 3.7
-0.3491 -0.0703 3.7
-0.3491 -0.0702 3.7
-0.3491 -0.0702 3.7
-0.3491 -0.0702 3.7
-0.3491 -0.0701 3.7
-0.3491 -0.0701 3.7
-0.3491 -0.0701 3.7
-0.3491 -0.0700 3.7
-0.3491 -0.0700 3.7
-0.3491 -0.0700 3.7
-0.3491 -0.0700 3.7
-0.3491 -0.0699 3.7
-0.3491 -0.0699 3.7
-0.3491 -0.0699 3.7
-0.3491 -0.0698 3.7
-0.3491 -0.0698 3.7
-0.3491 -0.0698 3.7
-0.3491 -0.0698 3.7
-0.3491 -0.0697 3.7
-0.3491 -0.0697 3.7
-0.3491 -0.0697 3.7
-0.3491 -0.0696 3.7
-0.3491 -0.0696 3.7
-0.3491 -0.0696 3.7
-0.3491 -0.0695 3.7
-0.3491 -0.0695 3.7
-0.3491 -0.0695 3.7
-0.3491 -0.0695 3.7
-0.3491 -0.0694 3.7
-0.3491 -0.0694 3.7
-0.3491 -0.0694 3.7
-0.3491 -0.0693 3.7
-0.3491 -0.0693 3.7
-0.3491 -0.0693 3.7
-0.3491 -0.0693 3.7
-0.3491 -0.0692 3.7
-0.3491 -0.0692 3.7
-0.3491 -0.0692 3.7
-0.3491 -0.0691 3.7
-0.3491 -0.0691 3.7
-0.3491 -0.0691 3.7
-0.3491 -0.0691 3.7
-0.3491 -0.0690 3.7
-0.3491 -0.0690 3.7
-0.3491 -0.0690 3.7
-0.3491 -0.0689 3.7
-0.3491 -0.0689 3.7
-0.3491 -0.0689 3.7
-0.3491 -0.0689 3.7
-0.3491 -0.0688 3.7
-0.3491 -0.0688 3.7
-0.3491 -0.0688 3.7
-0.3491 -0.0687 3.7
-0.3491 -0.0687 3.7
-0.3491 -0.0687 3.7
-0.3491 -0.0687 3.7
-0.3491 -0.0686 3.7
-0.3491 -0.0686 3.7
-0.3491 -0.0686 3.7
-0.3491 -0.0685 3.7
-0.3491 -0.0685 3.7
-0.3491 -0.0685 3.7
-0.3491 -0.0685 3.7
-0.3491 -0.0684 3.7
-0.3491 -0.0684 3.7
-0.3491 -0.0684 3.7
-0.3491 -0.0683 3.7
-0.3491 -0.0683 3.7
-0.3491 -0.0683 3.7
-0.3491 -0.0683 3.7
-0.3491 -0.0682 3.7
-0.3491 -0.0682 3.7
-0.3491 -0.0682 3.7
-0.3491 -0.0682 3.7
-0.3491 -0.0681 3.7
-0.3491 -0.0681 3.7
-0.3491 -0.0681 3.7
-0.3491 -0.0680 3.7
-0.3491 -0.0680 3.7
-0.3491 -0.0680 3.7
-0.3491 -0.0680 3.7
-0.3491 -0.0679 3.7
-0.3491 -0.0679 3.7
-0.3491 -0.0679 3.7
-0.3491 -0.0679 3.7
-0.3491 -0.0678 3.7
-0.3491 -0.0678 3.7
-0.3491 -0.0678 3.7
-0.3491 -0.0678 3.7
-0.3491 -0.0677 3.7
-0.3491 -0.0677 3.7
-0.3491 -0.0677 3.7
-0.3491 -0.0677 3.7
-0.3491 -0.0676 3.7
-0.3491 -0.0676 3.7
-0.3491 -0.0676 3.7
-0.3491 -0.0675 3.7
-0.3491 -0.0675 3.7
-0.3491 -0.0675 3.7
-0.3491 -0.0675 3.7
-0.3491 -0.0674 3.7
-0.3491 -0.0674 3.7
-0.3491 -0.0674 3.7
-0.3491 -0.0673 3.7
-0.3491 -0.0673 3.7
-0.3491 -0.0673 3.7
-0.3491 -0.0672 3.7
-0.3491 -0.0672 3.7
-0.3491 -0.0672 3.7
-0.3491 -0.0671 3.7
-0.3491 -0.0671 3.7
-0.3491 -0.0671 3.7
-0.3491 -0.0670 3.7
-0.3491 -0.0670 3.7
-0.3491 -0.0670 3.7
-0.3491 -0.0669 3.7
-0.3491 -0.0669 3.7
-0.3491 -0.0669 3.7
-0.3491 -0.0668 3.7
-0.3491 -0.0668 3.7
-0.3491 -0.0668 3.7
-0.3491 -0.0667 3.7
-0.3491 -0.0667 3.7
-0.3491 -0.0667 3.7
-0.3491 -0.0666 3.7
-0.3491 -0.0666 3.7
-0.3491 -0.0666 3.7
-0.3491 -0.0666 3.7
-0.3491 -0.0665 3.7
-0.3491 -0.0665 3.7
-0.3491 -0.0665 3.7
-0.3491 -0.0664 3.7
-0.3491 -0.0664 3.7
-0.3491 -0.0664 3.7
-0.3491 -0.0664 3.7
-0.3491 -0.0663 3.7
-0.3491 -0.0663 3.7
-0.3491 -0.0663 3.7
-0.3491 -0.0663 3.7
-0.3491 -0.0662 3.7
-0.3491 -0.0662 3.7
-0.3491 -0.0662 3.7
-0.3491 -0.0662 3.7
-0.3491 -0.0661 3.7
-0.3491 -0.0661 3.7
-0.3491 -0.0661 3.7
-0.3491 -0.0660 3.7
-0.3491 -0.0660 3.7
-0.3491 -0.0660 3.7
-0.3491 -0.0660 3.7
-0.3491 -0.0659 3.7
-0.3491 -0.0659 3.7
-0.3491 -0.0659 3.7
-0.3491 -0.0659 3.7
-0.3491 -0.0658 3.7
-0.3491 -0.0658 3.7
-0.3491 -0.0658 3.7
-0.3491 -0.0657 3.7
-0.3491 -0.0657 3.7
-0.3491 -0.0657 3.7
-0.3491 -0.0657 3.7
-0.3491 -0.0656 3.7
-0.3491 -0.0656 3.7
-0.3491 -0.0656 3.7
-0.3491 -0.0655 3.7
-0.3491 -0.0655 3.7
-0.3491 -0.0655 3.7
-0.3491 -0.0655 3.7
-0.3491 -0.0654 3.7
-0.3491 -0.0654 3.7
-0.3491 -0.0654 3.7
-0.3491 -0.0654 3.7
-0.3491 -0.0653 3.7
-0.3491 -0.0653 3.7
-0.3491 -0.0653 3.7
-0.3491 -0.0653 3.7
-0.3491 -0.0652 3.7
-0.3491 -0.0652 3.7
-0.3491 -0.0652 3.7
-0.3491 -0.0652 3.7
-0.3491 -0.0651 3.7
-0.3491 -0.0651 3.7
-0.3491 -0.0651 3.7
-0.3491 -0.0651 3.7
-0.3491 -0.0650 3.7
-0.3491 -0.0650 3.7
-0.3491 -0.0650 3.7
-0.3491 -0.0650 3.7
-0.3491 -0.0649 3.7
-0.3491 -0.0649 3.7
-0.3491 -0.0649 3.7
-0.3491 -0.0649 3.7
-0.3491 -0.0648 3.7
-0.3491 -0.0648 3.7
-0.3491 -0.0648 3.7
-0.3491 -0.0648 3.7
-0.3491 -0.0648 3.7
-0.3491 -0.0647 3.7
-0.3491 -0.0647 3.7
-0.3491 -0.0647 3.7
-0.3491 -0.0647 3.7
-0.3491 -0.0646 3.7
-0.3491 -0.0646 3.7
-0.3491 -0.0646 3.7
-0.3491 -0.0646 3.7
-0.3491 -0.0645 3.7
-0.3491 -0.0645 3.7
-0.3491 -0.0645 3.7
-0.3491 -0.0645 3.7
-0.3491 -0.0644 3.7
-0.3491 -0.0644 3.7
-0.3491 -0.0644 3.7
-0.3491 -0.0644 3.7
-0.3491 -0.0643 3.7
-0.3491 -0.0643 3.7
-0.3491 -0.0643 3.7
-0.3491 -0.0643 3.7
-0.3491 -0.0643 3.7
-0.3491 -0.0642 3.7
-0.3491 -0.0642 3.7
-0.3491 -0.0642 3.7
-0.3491 -0.0642 3.7
-0.3491 -0.0641 3.7
-0.3491 -0.0641 3.7
-0.3491 -0.0641 3.7
-0.3491 -0.0641 3.7
-0.3491 -0.0640 3.7
-0.3491 -0.0640 3.7
-0.3491 -0.0640 3.7
-0.3491 -0.0640 3.7
-0.3491 -0.0640 3.7
-0.3491 -0.0639 3.7
-0.3491 -0.0639 3.7
-0.3491 -0.0639 3.7
-0.3491 -0.0639 3.7
-0.3491 -0.0638 3.7
-0.3491 -0.0638 3.7
-0.3491 -0.0638 3.7
-0.3491 -0.0638 3.7
-0.3491 -0.0638 3.7
-0.3491 -0.0637 3.7
-0.3491 -0.0637 3.7
-0.3491 -0.0637 3.7
-0.3491 -0.0637 3.7
-0.3491 -0.0637 3.7
-0.3491 -0.0636 3.7
-0.3491 -0.0636 3.7
-0.3491 -0.0636 3.7
-0.3491 -0.0636 3.7
-0.3491 -0.0635 3.7
-0.3491 -0.0635 3.7
-0.3491 -0.0635 3.7
-0.3491 -0.0635 3.7
-0.3491 -0.0635 3.7
-0.3491 -0.0634 3.7
-0.3491 -0.0634 3.7
-0.3491 -0.0634 3.7
-0.3491 -0.0634 3.7
-0.3491 -0.0633 3.7
-0.3491 -0.0633 3.7
-0.3491 -0.0633 3.7
-0.3491 -0.0633 3.7
-0.3491 -0.0633 3.7
-0.3491 -0.0632 3.7
-0.3491 -0.0632 3.7
-0.3491 -0.0632 3.7
-0.3491 -0.0632 3.7
-0.3491 -0.0632 3.7
-0.3491 -0.0631 3.7
-0.3491 -0.0631 3.7
-0.3491 -0.0631 3.7
-0.3491 -0.0631 3.7
-0.3491 -0.0631 3.7
-0.3491 -0.0630 3.7
-0.3491 -0.0630 3.7
-0.3491 -0.0630 3.7
-0.3491 -0.0630 3.7
-0.3491 -0.0630 3.7
-0.3491 -0.0629 3.7
-0.3491 -0.0629 3.7
-0.3491 -0.0629 3.7
-0.3491 -0.0629 3.7
-0.3491 -0.0628 3.7
-0.3491 -0.0628 3.7
-0.3491 -0.0628 3.7
-0.3491 -0.0628 3.7
-0.3491 -0.0628 3.7
-0.3491 -0.0627 3.7
-0.3491 -0.0627 3.7
-0.3491 -0.0627 3.7
-0.3491 -0.0627 3.7
-0.3491 -0.0627 3.7
-0.3491 -0.0626 3.7
-0.3491 -0.0626 3.7
-0.3491 -0.0626 3.7
-0.3491 -0.0626 3.7
-0.3491 -0.0626 3.7
-0.3491 -0.0626 3.7
-0.3491 -0.0625 3.7
-0.3491 -0.0625 3.7
-0.3491 -0.0625 3.7
-0.3491 -0.0625 3.7
-0.3491 -0.0625 3.7
-0.3491 -0.0624 3.7
-0.3491 -0.0624 3.7
-0.3491 -0.0624 3.7
-0.3491 -0.0624 3.7
-0.3491 -0.0624 3.7
-0.3491 -0.0623 3.7
-0.3491 -0.0623 3.7
-0.3491 -0.0623 3.7
-0.3491 -0.0623 3.7
-0.3491 -0.0623 3.7
-0.3491 -0.0622 3.7
-0.3491 -0.0622 3.7
-0.3491 -0.0622 3.7
-0.3491 -0.0622 3.7
-0.3491 -0.0622 3.7
-0.3491 -0.0621 3.7
-0.3491 -0.0621 3.7
-0.3491 -0.0621 3.7
-0.3491 -0.0621 3.7
-0.3491 -0.0621 3.7
-0.3491 -0.0620 3.7
-0.3491 -0.0620 3.7
-0.3491 -0.0620 3.7
-0.3491 -0.0620 3.7
-0.3491 -0.0620 3.7
-0.3491 -0.0620 3.7
-0.3491 -0.0619 3.7
-0.3491 -0.0619 3.7
-0.3491 -0.0619 3.7
-0.3491 -0.0619 3.7
-0.3491 -0.0619 3.7
-0.3491 -0.0618 3.7
-0.3491 -0.0618 3.7
-0.3491 -0.0618 3.7
-0.3491 -0.0618 3.7
-0.3491 -0.0618 3.7
-0.3491 -0.0618 3.7
-0.3491 -0.0617 3.7
-0.3491 -0.0617 3.7
-0.3491 -0.0617 3.7
-0.3491 -0.0617 3.7
-0.3491 -0.0617 3.7
-0.3491 -0.0616 3.7
-0.3491 -0.0616 3.7
-0.3491 -0.0616 3.7
-0.3491 -0.0616 3.7
-0.3491 -0.0616 3.7
-0.3491 -0.0616 3.7
-0.3491 -0.0615 3.7
-0.3491 -0.0615 3.7
-0.3491 -0.0615 3.7
-0.3491 -0.0615 3.7
-0.3491 -0.0615 3.7
-0.3491 -0.0615 3.7
-0.3491 -0.0614 3.7
-0.3491 -0.0614 3.7
-0.3491 -0.0614 3.7
-0.3491 -0.0614 3.7
-0.3491 -0.0614 3.7
-0.3491 -0.0614 3.7
-0.3491 -0.0613 3.7
-0.3491 -0.0613 3.7
-0.3491 -0.0613 3.7
-0.3491 -0.0613 3.7
-0.3491 -0.0613 3.7
-0.3491 -0.0613 3.7
-0.3491 -0.0613 3.7
-0.3491 -0.0612 3.7
-0.3491 -0.0612 3.7
-0.3491 -0.0612 3.7
-0.3491 -0.0612 3.7
-0.3491 -0.0612 3.7
-0.3491 -0.0611 3.7
-0.3491 -0.0611 3.7
-0.3491 -0.0611 3.7
-0.3491 -0.0611 3.7
-0.3491 -0.0611 3.7
-0.3491 -0.0610 3.7
-0.3491 -0.0610 3.7
-0.3491 -0.0610 3.7
-0.3491 -0.0610 3.7
-0.3491 -0.0609 3.7
-0.3491 -0.0609 3.7
-0.3491 -0.0609 3.7
-0.3491 -0.0609 3.7
-0.3491 -0.0608 3.7
-0.3491 -0.0608 3.7
-0.3491 -0.0608 3.7
-0.3491 -0.0608 3.7
-0.3491 -0.0608 3.7
-0.3491 -0.0607 3.7
-0.3491 -0.0607 3.7
-0.3491 -0.0607 3.7
-0.3491 -0.0607 3.7
-0.3491 -0.0607 3.7
-0.3491 -0.0606 3.7
-0.3491 -0.0606 3.7
-0.3491 -0.0606 3.7
-0.3491 -0.0606 3.7
-0.3491 -0.0606 3.7
-0.3491 -0.0605 3.7
-0.3491 -0.0605 3.7
-0.3491 -0.0605 3.7
-0.3491 -0.0605 3.7
-0.3491 -0.0605 3.7
-0.3491 -0.0604 3.7
-0.3491 -0.0604 3.7
-0.3491 -0.0604 3.7
-0.3491 -0.0604 3.7
-0.3491 -0.0604 3.7
-0.3491 -0.0604 3.7
-0.3491 -0.0603 3.7
-0.3491 -0.0603 3.7
-0.3491 -0.0603 3.7
-0.3491 -0.0603 3.7
-0.3491 -0.0603 3.7
-0.3491 -0.0603 3.7
-0.3491 -0.0602 3.7
-0.3491 -0.0602 3.7
-0.3491 -0.0602 3.7
-0.3491 -0.0602 3.7
-0.3491 -0.0602 3.7
-0.3491 -0.0601 3.7
-0.3491 -0.0601 3.7
-0.3491 -0.0601 3.7
-0.3491 -0.0601 3.7
-0.3491 -0.0601 3.7
-0.3491 -0.0600 3.7
-0.3491 -0.0600 3.7
-0.3491 -0.0600 3.7
-0.3491 -0.0600 3.7
-0.3491 -0.0600 3.7
-0.3491 -0.0600 3.7
-0.3491 -0.0599 3.7
-0.3491 -0.0599 3.7
-0.3491 -0.0599 3.7
-0.3491 -0.0599 3.7
-0.3491 -0.0599 3.7
-0.3491 -0.0598 3.7
-0.3491 -0.0598 3.7
-0.3491 -0.0598 3.7
-0.3491 -0.0598 3.7
-0.3491 -0.0598 3.7
-0.3491 -0.0598 3.7
-0.3491 -0.0597 3.7
-0.3491 -0.0597 3.7
-0.3491 -0.0597 3.7
-0.3491 -0.0597 3.7
-0.3491 -0.0597 3.7
-0.3491 -0.0597 3.7
-0.3491 -0.0596 3.7
-0.3491 -0.0596 3.7
-0.3491 -0.0596 3.7
-0.3491 -0.0596 3.7
-0.3491 -0.0596 3.7
-0.3491 -0.0596 3.7
-0.3491 -0.0595 3.7
-0.3491 -0.0595 3.7
-0.3491 -0.0595 3.7
-0.3491 -0.0595 3.7
-0.3491 -0.0595 3.7
-0.3491 -0.0595 3.7
-0.3491 -0.0594 3.7
-0.3491 -0.0594 3.7
-0.3491 -0.0594 3.7
-0.3491 -0.0594 3.7
-0.3491 -0.0594 3.7
-0.3491 -0.0594 3.7
-0.3491 -0.0593 3.7
-0.3491 -0.0593 3.7
-0.3491 -0.0593 3.7
-0.3491 -0.0593 3.7
-0.3491 -0.0593 3.7
-0.3491 -0.0593 3.7
-0.3491 -0.0592 3.7
-0.3491 -0.0592 3.7
-0.3491 -0.0592 3.7
-0.3491 -0.0592 3.7
-0.3491 -0.0592 3.7
-0.3491 -0.0592 3.7
-0.3491 -0.0591 3.7
-0.3491 -0.0591 3.7
-0.3491 -0.0591 3.7
-0.3491 -0.0591 3.7
-0.3491 -0.0591 3.7
-0.3491 -0.0591 3.7
-0.3491 -0.0590 3.7
-0.3491 -0.0590 3.7
-0.3491 -0.0590 3.7
-0.3491 -0.0590 3.7
-0.3491 -0.0590 3.7
-0.3491 -0.0590 3.7
-0.3491 -0.0589 3.7
-0.3491 -0.0589 3.7
-0.3491 -0.0589 3.7
-0.3491 -0.0589 3.7
-0.3491 -0.0589 3.7
-0.3491 -0.0589 3.7
-0.3491 -0.0588 3.7
-0.3491 -0.0588 3.7
-0.3491 -0.0588 3.7
-0.3491 -0.0588 3.7
-0.3491 -0.0588 3.7
-0.3491 -0.0588 3.7
-0.3491 -0.0588 3.7
-0.3491 -0.0587 3.7
-0.3491 -0.0587 3.7
-0.3491 -0.0587 3.7
-0.3491 -0.0587 3.7
-0.3491 -0.0587 3.7
-0.3491 -0.0587 3.7
-0.3491 -0.0586 3.7
-0.3491 -0.0586 3.7
-0.3491 -0.0586 3.7
-0.3491 -0.0586 3.7
-0.3491 -0.0586 3.7
-0.3491 -0.0586 3.7
-0.3491 -0.0586 3.7
-0.3491 -0.0585 3.7
-0.3491 -0.0585 3.7
-0.3491 -0.0585 3.7
-0.3491 -0.0585 3.7
-0.3491 -0.0585 3.7
-0.3491 -0.0585 3.7
-0.3491 -0.0585 3.7
-0.3491 -0.0584 3.7
-0.3491 -0.0584 3.7
-0.3491 -0.0584 3.7
-0.3491 -0.0584 3.7
-0.3491 -0.0584 3.7
-0.3491 -0.0584 3.7
-0.3491 -0.0584 3.7
-0.3491 -0.0583 3.7
-0.3491 -0.0583 3.7
-0.3491 -0.0583 3.7
-0.3491 -0.0583 3.7
-0.3491 -0.0583 3.7
-0.3491 -0.0583 3.7
-0.3491 -0.0582 3.7
-0.3491 -0.0582 3.7
-0.3491 -0.0582 3.7
-0.3491 -0.0582 3.7
-0.3491 -0.0582 3.7
-0.3491 -0.0582 3.7
-0.3491 -0.0582 3.7
-0.3491 -0.0581 3.7
-0.3491 -0.0581 3.7
-0.3491 -0.0581 3.7
-0.3491 -0.0581 3.7
-0.3491 -0.0581 3.7
-0.3491 -0.0581 3.7
-0.3491 -0.0581 3.7
-0.3491 -0.0581 3.7
-0.3491 -0.0580 3.7
-0.3491 -0.0580 3.7
-0.3491 -0.0580 3.7
-0.3491 -0.0580 3.7
-0.3491 -0.0580 3.7
-0.3491 -0.0580 3.7
-0.3491 -0.0580 3.7
-0.3491 -0.0579 3.7
-0.3491 -0.0579 3.7
-0.3491 -0.0579 3.7
-0.3491 -0.0579 3.7
-0.3491 -0.0579 3.7
-0.3491 -0.0579 3.7
-0.3491 -0.0579 3.7
-0.3491 -0.0578 3.7
-0.3491 -0.0578 3.7
-0.3491 -0.0578 3.7
-0.3491 -0.0578 3.7
-0.3491 -0.0578 3.7
-0.3491 -0.0578 3.7
-0.3491 -0.0578 3.7
-0.3491 -0.0577 3.7
-0.3491 -0.0577 3.7
-0.3491 -0.0577 3.7
-0.3491 -0.0577 3.7
-0.3491 -0.0577 3.7
-0.3491 -0.0577 3.7
-0.3491 -0.0577 3.7
-0.3491 -0.0577 3.7
-0.3491 -0.0576 3.7
-0.3491 -0.0576 3.7
-0.3491 -0.0576 3.7
-0.3491 -0.0576 3.7
-0.3491 -0.0576 3.7
-0.3491 -0.0576 3.7
-0.3491 -0.0576 3.7
-0.3491 -0.0576 3.7
-0.3491 -0.0575 3.7
-0.3491 -0.0575 3.7
-0.3491 -0.0575 3.7
-0.3491 -0.0575 3.7
-0.3491 -0.0575 3.7
-0.3491 -0.0575 3.7
-0.3491 -0.0575 3.7
-0.3491 -0.0574 3.7
-0.3491 -0.0574 3.7
-0.3491 -0.0574 3.7
-0.3491 -0.0574 3.7
-0.3491 -0.0574 3.7
-0.3491 -0.0574 3.7
-0.3491 -0.0574 3.7
-0.3491 -0.0574 3.7
-0.3491 -0.0573 3.7
-0.3491 -0.0573 3.7
-0.3491 -0.0573 3.7
-0.3491 -0.0573 3.7
-0.3491 -0.0573 3.7
-0.3491 -0.0573 3.7
-0.3491 -0.0573 3.7
-0.3491 -0.0573 3.7
-0.3491 -0.0572 3.7
-0.3491 -0.0572 3.7
-0.3491 -0.0572 3.7
-0.3491 -0.0572 3.7
-0.3491 -0.0572 3.7
-0.3491 -0.0572 3.7
-0.3491 -0.0572 3.7
-0.3491 -0.0572 3.7
-0.3491 -0.0571 3.7
-0.3491 -0.0571 3.7
-0.3491 -0.0571 3.7
-0.3491 -0.0571 3.7
-0.3491 -0.0571 3.7
-0.3491 -0.0571 3.7
-0.3491 -0.0571 3.7
-0.3491 -0.0571 3.7
-0.3491 -0.0570 3.7
-0.3491 -0.0570 3.7
-0.3491 -0.0570 3.7
-0.3491 -0.0570 3.7
-0.3491 -0.0570 3.7
-0.3491 -0.0570 3.7
-0.3491 -0.0570 3.7
-0.3491 -0.0570 3.7
-0.3491 -0.0570 3.7
-0.3491 -0.0569 3.7
-0.3491 -0.0569 3.7
-0.3491 -0.0569 3.7
-0.3491 -0.0569 3.7
-0.3491 -0.0569 3.7
-0.3491 -0.0569 3.7
-0.3491 -0.0569 3.7
-0.3491 -0.0569 3.7
-0.3491 -0.0568 3.7
-0.3491 -0.0568 3.7
-0.3491 -0.0568 3.7
-0.3491 -0.0568 3.7
-0.3491 -0.0568 3.7
-0.3491 -0.0568 3.7
-0.3491 -0.0568 3.7
-0.3491 -0.0568 3.7
-0.3491 -0.0568 3.7
-0.3491 -0.0567 3.7
-0.3491 -0.0567 3.7
-0.3491 -0.0567 3.7
-0.3491 -0.0567 3.7
-0.3491 -0.0567 3.7
-0.3491 -0.0567 3.7
-0.3491 -0.0567 3.7
-0.3491 -0.0567 3.7
-0.3491 -0.0566 3.7
-0.3491 -0.0566 3.7
-0.3491 -0.0566 3.7
-0.3491 -0.0566 3.7
-0.3491 -0.0566 3.7
-0.3491 -0.0566 3.7
-0.3491 -0.0566 3.7
-0.3491 -0.0566 3.7
-0.3491 -0.0566 3.7
-0.3491 -0.0565 3.7
-0.3491 -0.0565 3.7
-0.3491 -0.0565 3.7
-0.3491 -0.0565 3.7
-0.3491 -0.0565 3.7
-0.3491 -0.0565 3.7
-0.3491 -0.0565 3.7
-0.3491 -0.0565 3.7
-0.3491 -0.0565 3.7
-0.3491 -0.0564 3.7
-0.3491 -0.0564 3.7
-0.3491 -0.0564 3.7
-0.3491 -0.0564 3.7
-0.3491 -0.0564 3.7
-0.3491 -0.0564 3.7
-0.3491 -0.0564 3.7
-0.3491 -0.0564 3.7
-0.3491 -0.0564 3.7
-0.3491 -0.0563 3.7
-0.3491 -0.0563 3.7
-0.3491 -0.0563 3.7
-0.3491 -0.0563 3.7
-0.3491 -0.0563 3.7
-0.3491 -0.0563 3.7
-0.3491 -0.0563 3.7
-0.3491 -0.0563 3.7
-0.3491 -0.0563 3.7
-0.3491 -0.0563 3.7
-0.3491 -0.0562 3.7
-0.3491 -0.0562 3.7
-0.3491 -0.0562 3.7
-0.3491 -0.0562 3.7
-0.3491 -0.0562 3.7
-0.3491 -0.0562 3.7
-0.3491 -0.0562 3.7
-0.3491 -0.0562 3.7
-0.3491 -0.0562 3.7
-0.3491 -0.0561 3.7
-0.3491 -0.0561 3.7
-0.3491 -0.0561 3.7
-0.3491 -0.0561 3.7
-0.3491 -0.0561 3.7
-0.3491 -0.0561 3.7
-0.3491 -0.0561 3.7
-0.3491 -0.0561 3.7
-0.3491 -0.0561 3.7
-0.3491 -0.0561 3.7
-0.3491 -0.0560 3.7
-0.3491 -0.0560 3.7
-0.3491 -0.0560 3.7
-0.3491 -0.0560 3.7
-0.3491 -0.0560 3.7
-0.3491 -0.0560 3.7
-0.3491 -0.0560 3.7
-0.3491 -0.0560 3.7
-0.3491 -0.0560 3.7
-0.3491 -0.0559 3.7
-0.3491 -0.0559 3.7
-0.3491 -0.0559 3.7
-0.3491 -0.0559 3.7
-0.3491 -0.0559 3.7
-0.3491 -0.0559 3.7
-0.3491 -0.0559 3.7
-0.3491 -0.0559 3.7
-0.3491 -0.0559 3.7
-0.3491 -0.0559 3.7
-0.3491 -0.0558 3.7
-0.3491 -0.0558 3.7
-0.3491 -0.0558 3.7
-0.3491 -0.0558 3.7
-0.3491 -0.0558 3.7
-0.3491 -0.0558 3.7
-0.3491 -0.0558 3.7
-0.3491 -0.0558 3.7
-0.3491 -0.0558 3.7
-0.3491 -0.0558 3.7
-0.3491 -0.0558 3.7
-0.3491 -0.0557 3.7
-0.3491 -0.0557 3.7
-0.3491 -0.0557 3.7
-0.3491 -0.0557 3.7
-0.3491 -0.0557 3.7
-0.3491 -0.0557 3.7
-0.3491 -0.0557 3.7
-0.3491 -0.0557 3.7
-0.3491 -0.0557 3.7
-0.3491 -0.0557 3.7
-0.3491 -0.0556 3.7
-0.3491 -0.0556 3.7
-0.3491 -0.0556 3.7
-0.3491 -0.0556 3.7
-0.3491 -0.0556 3.7
-0.3491 -0.0556 3.7
-0.3491 -0.0556 3.7
-0.3491 -0.0556 3.7
-0.3491 -0.0556 3.7
-0.3491 -0.0556 3.7
-0.3491 -0.0555 3.7
-0.3491 -0.0555 3.7
-0.3491 -0.0555 3.7
-0.3491 -0.0555 3.7
-0.3491 -0.0555 3.7
-0.3491 -0.0555 3.7
-0.3491 -0.0555 3.7
-0.3491 -0.0555 3.7
-0.3491 -0.0555 3.7
-0.3491 -0.0555 3.7
-0.3491 -0.0555 3.7
-0.3491 -0.0555 3.7
-0.3491 -0.0554 3.7
-0.3491 -0.0554 3.7
-0.3491 -0.0554 3.7
-0.3491 -0.0554 3.7
-0.3491 -0.0554 3.7
-0.3491 -0.0554 3.7
-0.3491 -0.0554 3.7
-0.3491 -0.0554 3.7
-0.3491 -0.0554 3.7
-0.3491 -0.0554 3.7
-0.3491 -0.0554 3.7
-0.3491 -0.0554 3.7
-0.3491 -0.0554 3.7
-0.3491 -0.0554 3.7
-0.3491 -0.0554 3.7
-0.3491 -0.0555 3.7
-0.3491 -0.0555 3.7
-0.3491 -0.0555 3.7
-0.3491 -0.0555 3.7
-0.3491 -0.0555 3.7
-0.3491 -0.0556 3.7
-0.3491 -0.0556 3.7
-0.3491 -0.0556 3.7
-0.3491 -0.0556 3.7
-0.3491 -0.0556 3.7
-0.3491 -0.0557 3.7
-0.3491 -0.0557 3.7
-0.3491 -0.0557 3.7
-0.3491 -0.0557 3.7
-0.3491 -0.0557 3.7
-0.3491 -0.0557 3.7
-0.3491 -0.0557 3.7
-0.3491 -0.0557 3.7
-0.3491 -0.0557 3.7
-0.3491 -0.0556 3.7
-0.3491 -0.0556 3.7
-0.3491 -0.0556 3.7
-0.3491 -0.0556 3.7
-0.3491 -0.0556 3.7
-0.3491 -0.0555 3.7
-0.3491 -0.0555 3.7
-0.3491 -0.0555 3.7
-0.3491 -0.0554 3.7
-0.3491 -0.0554 3.7
-0.3491 -0.0554 3.7
-0.3491 -0.0553 3.7
-0.3491 -0.0553 3.7
-0.3491 -0.0553 3.7
-0.3491 -0.0552 3.7
-0.3491 -0.0552 3.7
-0.3491 -0.0552 3.7
-0.3491 -0.0552 3.7
-0.3491 -0.0552 3.7
-0.3491 -0.0551 3.7
-0.3491 -0.0551 3.7
-0.3491 -0.0551 3.7
-0.3491 -0.0551 3.7
-0.3491 -0.0551 3.7
-0.3491 -0.0551 3.7
-0.3491 -0.0551 3.7
-0.3491 -0.0551 3.7
-0.3491 -0.0551 3.7
-0.3491 -0.0551 3.7
-0.3491 -0.0551 3.7
-0.3491 -0.0551 3.7
-0.3491 -0.0551 3.7
-0.3491 -0.0551 3.7
-0.3491 -0.0551 3.7
-0.3491 -0.0551 3.7
-0.3491 -0.0551 3.7
-0.3491 -0.0551 3.7
-0.3491 -0.0551 3.7
-0.3491 -0.0551 3.7
-0.3491 -0.0551 3.7
-0.3491 -0.0551 3.7
-0.3491 -0.0551 3.7
-0.3491 -0.0551 3.7
-0.3491 -0.0551 3.7
-0.3491 -0.0551 3.7
-0.3491 -0.0551 3.7
-0.3491 -0.0550 3.7
-0.3491 -0.0550 3.7
-0.3491 -0.0550 3.7
-0.3491 -0.0550 3.7
-0.3491 -0.0550 3.7
-0.3491 -0.0550 3.7
-0.3491 -0.0549 3.7
-0.3491 -0.0549 3.7
-0.3491 -0.0549 3.7
-0.3491 -0.0549 3.7
-0.3491 -0.0549 3.7
-0.3491 -0.0549 3.7
-0.3491 -0.0548 3.7
-0.3491 -0.0548 3.7
-0.3491 -0.0548 3.7
-0.3491 -0.0548 3.7
-0.3491 -0.0548 3.7
-0.3491 -0.0548 3.7
-0.3491 -0.0548 3.7
-0.3491 -0.0548 3.7
-0.3491 -0.0548 3.7
-0.3491 -0.0547 3.7
-0.3491 -0.0547 3.7
-0.3491 -0.0547 3.7
-0.3491 -0.0547 3.7
-0.3491 -0.0547 3.7
-0.3491 -0.0547 3.7
-0.3491 -0.0547 3.7
-0.3491 -0.0547 3.7
-0.3491 -0.0547 3.7
-0.3491 -0.0547 3.7
-0.3491 -0.0547 3.7
-0.3491 -0.0547 3.7
-0.3491 -0.0547 3.7
-0.3491 -0.0547 3.7
-0.3491 -0.0547 3.7
-0.3491 -0.0547 3.7
-0.3491 -0.0547 3.7
-0.3491 -0.0547 3.7
-0.3491 -0.0547 3.7
-0.3491 -0.0547 3.7
-0.3491 -0.0547 3.7
-0.3491 -0.0547 3.7
-0.3491 -0.0546 3.7
-0.3491 -0.0544 3.7
-0.3491 -0.0537 3.7
-0.3491 -0.0526 3.7
-0.3491 -0.0508 3.7
-0.3491 -0.0485 3.7
-0.3491 -0.0454 3.7
-0.3491 -0.0418 3.7
-0.3492 -0.0376 3.7
-0.3492 -0.0328 3.7
-0.3492 -0.0276 3.7
-0.3492 -0.0221 3.7
-0.3492 -0.0163 3.7
-0.3492 -0.0104 3.7
-0.3492 -0.0045 3.7
-0.3492 0.0014 3.7
-0.3492 0.0070 3.7
-0.3492 0.0123 3.7
-0.3492 0.0172 3.7
-0.3492 0.0216 3.7
-0.3492 0.0256 3.7
-0.3492 0.0289 3.7
-0.3492 0.0316 3.7
-0.3492 0.0337 3.7
-0.3492 0.0351 3.7
-0.3492 0.0358 3.7
-0.3492 0.0359 3.7
-0.3492 0.0354 3.7
-0.3492 0.0344 3.7
-0.3492 0.0328 3.7
-0.3492 0.0308 3.7
-0.3492 0.0284 3.7
-0.3492 0.0257 3.7
-0.3492 0.0227 3.7
-0.3492 0.0196 3.7
-0.3492 0.0163 3.7
-0.3492 0.0131 3.7
-0.3492 0.0098 3.7
-0.3492 0.0067 3.7
-0.3492 0.0038 3.7
-0.3491 0.0011 3.7
-0.3491 -0.0013 3.7
-0.3491 -0.0035 3.7
-0.3491 -0.0053 3.7
-0.3491 -0.0068 3.7
-0.3491 -0.0079 3.7
-0.3491 -0.0086 3.7
-0.3491 -0.0090 3.7
-0.3491 -0.0091 3.7
-0.3491 -0.0088 3.7
-0.3491 -0.0083 3.7
-0.3491 -0.0074 3.7
-0.3491 -0.0063 3.7
-0.3491 -0.0050 3.7
-0.3491 -0.0034 3.7
-0.3491 -0.0017 3.7
-0.3491 0.0000 3.7
-0.3491 0.0019 3.7
-0.3491 0.0038 3.7
-0.3491 0.0056 3.7
-0.3491 0.0075 3.7
-0.3492 0.0092 3.7
-0.3492 0.0108 3.7
-0.3492 0.0123 3.7
-0.3492 0.0136 3.7
-0.3492 0.0147 3.7
-0.3492 0.0156 3.7
-0.3492 0.0163 3.7
-0.3492 0.0168 3.7
-0.3492 0.0171 3.7
-0.3492 0.0172 3.7
-0.3492 0.0170 3.7
-0.3492 0.0167 3.7
-0.3492 0.0162 3.7
-0.3492 0.0156 3.7
-0.3492 0.0148 3.7
-0.3492 0.0139 3.7
-0.3492 0.0129 3.7
-0.3491 0.0119 3.7
-0.3491 0.0108 3.7
-0.3491 0.0098 3.7
-0.3491 0.0087 3.7
-0.3491 0.0076 3.7
-0.3491 0.0067 3.7
-0.3491 0.0057 3.7
-0.3491 0.0049 3.7
-0.3491 0.0042 3.7
-0.3491 0.0036 3.7
-0.3491 0.0031 3.7
-0.3491 0.0028 3.7
-0.3491 0.0025 3.7
-0.3491 0.0025 3.7
-0.3491 0.0025 3.7
-0.3491 0.0027 3.7
-0.3491 0.0030 3.7
-0.3491 0.0033 3.7
-0.3491 0.0038 3.7
-0.3491 0.0044 3.7
-0.3491 0.0050 3.7
-0.3491 0.0057 3.7
-0.3491 0.0064 3.7
-0.3491 0.0071 3.7
-0.3491 0.0078 3.7
-0.3491 0.0085 3.7
-0.3491 0.0092 3.7
-0.3491 0.0098 3.7
-0.3491 0.0103 3.7
-0.3491 0.0108 3.7
-0.3492 0.0112 3.7
-0.3492 0.0115 3.7
-0.3492 0.0117 3.7
-0.3492 0.0118 3.7
-0.3492 0.0118 3.7
-0.3492 0.0117 3.7
-0.3492 0.0116 3.7
-0.3492 0.0113 3.7
-0.3491 0.0109 3.7
-0.3491 0.0105 3.7
-0.3491 0.0100 3.7
-0.3491 0.0095 3.7
-0.3491 0.0089 3.7
-0.3491 0.0083 3.7
-0.3491 0.0077 3.7
-0.3491 0.0070 3.7
-0.3491 0.0064 3.7
-0.3491 0.0057 3.7
-0.3491 0.0051 3.7
-0.3491 0.0045 3.7
-0.3491 0.0040 3.7
-0.3491 0.0035 3.7
-0.3491 0.0031 3.7
-0.3491 0.0027 3.7
-0.3491 0.0024 3.7
-0.3491 0.0021 3.7
-0.3491 0.0019 3.7
-0.3491 0.0017 3.7
-0.3491 0.0017 3.7
-0.3491 0.0016 3.7
-0.3491 0.0016 3.7
-0.3491 0.0017 3.7
-0.3491 0.0018 3.7
-0.3491 0.0019 3.7
-0.3491 0.0021 3.7
-0.3491 0.0022 3.7
-0.3491 0.0024 3.7
-0.3491 0.0026 3.7
-0.3491 0.0028 3.7
-0.3491 0.0029 3.7
-0.3491 0.0031 3.7
-0.3491 0.0032 3.7
-0.3491 0.0032 3.7
-0.3491 0.0033 3.7
-0.3491 0.0033 3.7
-0.3491 0.0032 3.7
-0.3491 0.0032 3.7
-0.3491 0.0030 3.7
-0.3491 0.0029 3.7
-0.3491 0.0027 3.7
-0.3491 0.0024 3.7
-0.3491 0.0021 3.7
-0.3491 0.0018 3.7
-0.3491 0.0015 3.7
-0.3491 0.0011 3.7
-0.3491 0.0007 3.7
-0.3491 0.0004 3.7
-0.3491 -0.0000 3.7
-0.3491 -0.0004 3.7
-0.3491 -0.0008 3.7
-0.3491 -0.0012 3.7
-0.3491 -0.0016 3.7
-0.3491 -0.0020 3.7
-0.3491 -0.0023 3.7
-0.3491 -0.0026 3.7
-0.3490 -0.0029 3.7
-0.3490 -0.0032 3.7
-0.3490 -0.0034 3.7
-0.3490 -0.0036 3.7
-0.3490 -0.0038 3.7
-0.3490 -0.0039 3.7
-0.3490 -0.0040 3.7
-0.3490 -0.0041 3.7
-0.3490 -0.0042 3.7
-0.3490 -0.0042 3.7
-0.3490 -0.0042 3.7
-0.3490 -0.0042 3.7
-0.3490 -0.0042 3.7
-0.3491 -0.0042 3.7
-0.3491 -0.0042 3.7
-0.3491 -0.0042 3.7
-0.3491 -0.0041 3.7
-0.3491 -0.0041 3.7
-0.3491 -0.0041 3.7
-0.3491 -0.0041 3.7
-0.3491 -0.0041 3.7
-0.3491 -0.0042 3.7
-0.3491 -0.0042 3.7
-0.3491 -0.0043 3.7
-0.3491 -0.0043 3.7
-0.3491 -0.0044 3.7
-0.3491 -0.0046 3.7
-0.3491 -0.0047 3.7
-0.3491 -0.0048 3.7
-0.3491 -0.0050 3.7
-0.3491 -0.0052 3.7
-0.3491 -0.0053 3.7
-0.3491 -0.0055 3.7
-0.3491 -0.0057 3.7
-0.3491 -0.0059 3.7
-0.3491 -0.0061 3.7
-0.3491 -0.0063 3.7
-0.3491 -0.0065 3.7
-0.3491 -0.0067 3.7
-0.3491 -0.0069 3.7
-0.3491 -0.0071 3.7
-0.3491 -0.0073 3.7
-0.3491 -0.0074 3.7
-0.3490 -0.0076 3.7
-0.3490 -0.0077 3.7
-0.3490 -0.0078 3.7
-0.3490 -0.0079 3.7
-0.3490 -0.0080 3.7
-0.3491 -0.0081 3.7
-0.3491 -0.0081 3.7
-0.3491 -0.0082 3.7
-0.3491 -0.0082 3.7
-0.3491 -0.0082 3.7
-0.3491 -0.0082 3.7
-0.3491 -0.0082 3.7
-0.3491 -0.0082 3.7
-0.3491 -0.0082 3.7
-0.3491 -0.0082 3.7
-0.3491 -0.0082 3.7
-0.3491 -0.0082 3.7
-0.3491 -0.0082 3.7
-0.3491 -0.0082 3.7
-0.3491 -0.0082 3.7
-0.3491 -0.0082 3.7
-0.3491 -0.0082 3.7
-0.3491 -0.0082 3.7
-0.3491 -0.0082 3.7
-0.3491 -0.0083 3.7
-0.3491 -0.0083 3.7
-0.3491 -0.0083 3.7
-0.3491 -0.0084 3.7
-0.3491 -0.0084 3.7
-0.3491 -0.0085 3.7
-0.3491 -0.0086 3.7
-0.3491 -0.0087 3.7
-0.3491 -0.0087 3.7
-0.3491 -0.0088 3.7
-0.3491 -0.0089 3.7
-0.3491 -0.0090 3.7
-0.3491 -0.0090 3.7
-0.3491 -0.0091 3.7
-0.3491 -0.0092 3.7
-0.3491 -0.0093 3.7
-0.3491 -0.0093 3.7
-0.3491 -0.0094 3.7
-0.3491 -0.0094 3.7
-0.3491 -0.0095 3.7
-0.3491 -0.0095 3.7
-0.3491 -0.0096 3.7
-0.3491 -0.0096 3.7
-0.3491 -0.0096 3.7
-0.3491 -0.0096 3.7
-0.3491 -0.0096 3.7
-0.3491 -0.0096 3.7
-0.3491 -0.0096 3.7
-0.3491 -0.0096 3.7
-0.3491 -0.0096 3.7
-0.3491 -0.0096 3.7
-0.3491 -0.0096 3.7
-0.3491 -0.0095 3.7
-0.3491 -0.0095 3.7
-0.3491 -0.0095 3.7
-0.3491 -0.0095 3.7
-0.3491 -0.0094 3.7
-0.3491 -0.0094 3.7
-0.3491 -0.0094 3.7
-0.3491 -0.0094 3.7
-0.3491 -0.0094 3.7
-0.3491 -0.0093 3.7
-0.3491 -0.0093 3.7
-0.3491 -0.0093 3.7
-0.3491 -0.0093 3.7
-0.3491 -0.0093 3.7
-0.3491 -0.0093 3.7
-0.3491 -0.0093 3.7
-0.3491 -0.0093 3.7
-0.3491 -0.0094 3.7
-0.3491 -0.0094 3.7
-0.3491 -0.0094 3.7
-0.3491 -0.0094 3.7
-0.3491 -0.0094 3.7
-0.3491 -0.0094 3.7
-0.3491 -0.0094 3.7
-0.3491 -0.0094 3.7
-0.3491 -0.0095 3.7
-0.3491 -0.0095 3.7
-0.3491 -0.0095 3.7
-0.3491 -0.0095 3.7
-0.3491 -0.0095 3.7
-0.3491 -0.0095 3.7
-0.3491 -0.0095 3.7
-0.3491 -0.0095 3.7
-0.3491 -0.0095 3.7
-0.3491 -0.0094 3.7
-0.3491 -0.0094 3.7
-0.3491 -0.0094 3.7
-0.3491 -0.0094 3.7
-0.3491 -0.0094 3.7
-0.3491 -0.0093 3.7
-0.3491 -0.0093 3.7
-0.3491 -0.0093 3.7
-0.3491 -0.0092 3.7
-0.3491 -0.0092 3.7
-0.3491 -0.0092 3.7
-0.3491 -0.0091 3.7
-0.3491 -0.0091 3.7
-0.3491 -0.0091 3.7
-0.3491 -0.0091 3.7
-0.3491 -0.0090 3.7
-0.3491 -0.0090 3.7
-0.3491 -0.0090 3.7
-0.3491 -0.0089 3.7
-0.3491 -0.0089 3.7
-0.3491 -0.0089 3.7
-0.3491 -0.0089 3.7
-0.3491 -0.0088 3.7
-0.3491 -0.0088 3.7
-0.3491 -0.0088 3.7
-0.3491 -0.0088 3.7
-0.3491 -0.0088 3.7
-0.3491 -0.0088 3.7
-0.3491 -0.0087 3.7
-0.3491 -0.0087 3.7
-0.3491 -0.0087 3.7
-0.3491 -0.0087 3.7
-0.3491 -0.0087 3.7
-0.3491 -0.0087 3.7
-0.3491 -0.0087 3.7
-0.3491 -0.0086 3.7
-0.3491 -0.0086 3.7
-0.3491 -0.0086 3.7
-0.3491 -0.0086 3.7
-0.3491 -0.0086 3.7
-0.3491 -0.0086 3.7
-0.3491 -0.0085 3.7
-0.3491 -0.0085 3.7
-0.3491 -0.0085 3.7
-0.3491 -0.0085 3.7
-0.3491 -0.0084 3.7
-0.3491 -0.0084 3.7
-0.3491 -0.0084 3.7
-0.3491 -0.0083 3.7
-0.3491 -0.0083 3.7
-0.3491 -0.0083 3.7
-0.3491 -0.0083 3.7
-0.3491 -0.0082 3.7
-0.3491 -0.0082 3.7
-0.3491 -0.0082 3.7
-0.3491 -0.0081 3.7
-0.3491 -0.0081 3.7
-0.3491 -0.0081 3.7
-0.3491 -0.0080 3.7
-0.3491 -0.0080 3.7
-0.3491 -0.0080 3.7
-0.3491 -0.0079 3.7
-0.3491 -0.0079 3.7
-0.3491 -0.0079 3.7
-0.3491 -0.0079 3.7
-0.3491 -0.0078 3.7
-0.3491 -0.0078 3.7
-0.3491 -0.0078 3.7
-0.3491 -0.0078 3.7
-0.3491 -0.0078 3.7
-0.3491 -0.0077 3.7
-0.3491 -0.0077 3.7
-0.3491 -0.0077 3.7
-0.3491 -0.0077 3.7
-0.3491 -0.0076 3.7
-0.3491 -0.0076 3.7
-0.3491 -0.0076 3.7
-0.3491 -0.0076 3.7
-0.3491 -0.0076 3.7
-0.3491 -0.0075 3.7
-0.3491 -0.0075 3.7
-0.3491 -0.0075 3.7
-0.3491 -0.0075 3.7
-0.3491 -0.0075 3.7
-0.3491 -0.0074 3.7
-0.3491 -0.0074 3.7
-0.3491 -0.0074 3.7
-0.3491 -0.0074 3.7
-0.3491 -0.0073 3.7
-0.3491 -0.0073 3.7
-0.3491 -0.0073 3.7
-0.3491 -0.0073 3.7
-0.3491 -0.0072 3.7
-0.3491 -0.0072 3.7
-0.3491 -0.0072 3.7
-0.3491 -0.0072 3.7
-0.3491 -0.0071 3.7
-0.3491 -0.0071 3.7
-0.3491 -0.0071 3.7
-0.3491 -0.0071 3.7
-0.3491 -0.0070 3.7
-0.3491 -0.0070 3.7
-0.3491 -0.0070 3.7
-0.3491 -0.0070 3.7
-0.3491 -0.0069 3.7
-0.3491 -0.0069 3.7
-0.3491 -0.0069 3.7
-0.3491 -0.0069 3.7
-0.3491 -0.0068 3.7
-0.3491 -0.0068 3.7
-0.3491 -0.0068 3.7
-0.3491 -0.0068 3.7
-0.3491 -0.0068 3.7
-0.3491 -0.0067 3.7
-0.3491 -0.0067 3.7
-0.3491 -0.0067 3.7
-0.3491 -0.0067 3.7
-0.3491 -0.0067 3.7
-0.3491 -0.0067 3.7
-0.3491 -0.0066 3.7
-0.3491 -0.0066 3.7
-0.3491 -0.0066 3.7
-0.3491 -0.0066 3.7
-0.3491 -0.0066 3.7
-0.3491 -0.0066 3.7
-0.3491 -0.0065 3.7
-0.3491 -0.0065 3.7
-0.3491 -0.0065 3.7
-0.3491 -0.0065 3.7
-0.3491 -0.0065 3.7
-0.3491 -0.0064 3.7
-0.3491 -0.0064 3.7
-0.3491 -0.0064 3.7
-0.3491 -0.0064 3.7
-0.3491 -0.0064 3.7
-0.3491 -0.0064 3.7
-0.3491 -0.0064 3.7
-0.3491 -0.0064 3.7
-0.3491 -0.0065 3.7
-0.3491 -0.0065 3.7
-0.3491 -0.0067 3.7
-0.3491 -0.0068 3.7
-0.3491 -0.0071 3.7
-0.3491 -0.0073 3.7
-0.3491 -0.0076 3.7
-0.3491 -0.0080 3.7
-0.3491 -0.0084 3.7
-0.3491 -0.0089 3.7
-0.3491 -0.0095 3.7
-0.3491 -0.0101 3.7
-0.3491 -0.0107 3.7
-0.3491 -0.0114 3.7
-0.3491 -0.0121 3.7
-0.3491 -0.0128 3.7
-0.3490 -0.0136 3.7
-0.3490 -0.0143 3.7
-0.3490 -0.0151 3.7
-0.3490 -0.0159 3.7
-0.3490 -0.0167 3.7
-0.3490 -0.0175 3.7
-0.3490 -0.0183 3.7
-0.3490 -0.0190 3.7
-0.3490 -0.0197 3.7
-0.3490 -0.0204 3.7
-0.3490 -0.0210 3.7
-0.3490 -0.0216 3.7
-0.3490 -0.0222 3.7
-0.3490 -0.0227 3.7
-0.3490 -0.0232 3.7
-0.3490 -0.0236 3.7
-0.3490 -0.0240 3.7
-0.3490 -0.0244 3.7
-0.3490 -0.0247 3.7
-0.3490 -0.0250 3.7
-0.3490 -0.0252 3.7
-0.3490 -0.0255 3.7
-0.3490 -0.0257 3.7
-0.3490 -0.0259 3.7
-0.3490 -0.0260 3.7
-0.3490 -0.0262 3.7
-0.3490 -0.0264 3.7
-0.3490 -0.0266 3.7
-0.3490 -0.0267 3.7
-0.3490 -0.0269 3.7
-0.3490 -0.0271 3.7
-0.3490 -0.0274 3.7
-0.3490 -0.0276 3.7
-0.3490 -0.0279 3.7
-0.3490 -0.0282 3.7
-0.3490 -0.0285 3.7
-0.3490 -0.0288 3.7
-0.3490 -0.0292 3.7
-0.3490 -0.0296 3.7
-0.3490 -0.0300 3.7
-0.3490 -0.0304 3.7
-0.3490 -0.0308 3.7
-0.3490 -0.0312 3.7
-0.3490 -0.0317 3.7
-0.3490 -0.0321 3.7
-0.3490 -0.0326 3.7
-0.3490 -0.0331 3.7
-0.3490 -0.0335 3.7
-0.3490 -0.0340 3.7
-0.3490 -0.0344 3.7
-0.3490 -0.0348 3.7
-0.3490 -0.0352 3.7
-0.3490 -0.0356 3.7
-0.3490 -0.0359 3.7
-0.3490 -0.0363 3.7
-0.3490 -0.0366 3.7
-0.3490 -0.0369 3.7
-0.3490 -0.0372 3.7
-0.3490 -0.0374 3.7
-0.3490 -0.0376 3.7
-0.3490 -0.0378 3.7
-0.3490 -0.0380 3.7
-0.3490 -0.0382 3.7
-0.3490 -0.0383 3.7
-0.3490 -0.0385 3.7
-0.3490 -0.0386 3.7
-0.3490 -0.0387 3.7
-0.3490 -0.0389 3.7
-0.3490 -0.0390 3.7
-0.3490 -0.0391 3.7
-0.3490 -0.0392 3.7
-0.3490 -0.0393 3.7
-0.3490 -0.0394 3.7
-0.3490 -0.0396 3.7
-0.3490 -0.0397 3.7
-0.3490 -0.0399 3.7
-0.3490 -0.0400 3.7
-0.3490 -0.0402 3.7
-0.3490 -0.0404 3.7
-0.3490 -0.0406 3.7
-0.3490 -0.0408 3.7
-0.3490 -0.0410 3.7
-0.3490 -0.0412 3.7
-0.3490 -0.0414 3.7
-0.3490 -0.0416 3.7
-0.3490 -0.0419 3.7
-0.3490 -0.0421 3.7
-0.3490 -0.0424 3.7
-0.3490 -0.0426 3.7
-0.3490 -0.0428 3.7
-0.3490 -0.0431 3.7
-0.3490 -0.0433 3.7
-0.3490 -0.0435 3.7
-0.3490 -0.0437 3.7
-0.3490 -0.0439 3.7
-0.3490 -0.0441 3.7
-0.3490 -0.0443 3.7
-0.3490 -0.0445 3.7
-0.3490 -0.0447 3.7
-0.3490 -0.0448 3.7
-0.3490 -0.0449 3.7
-0.3490 -0.0451 3.7
-0.3490 -0.0452 3.7
-0.3490 -0.0453 3.7
-0.3490 -0.0454 3.7
-0.3490 -0.0455 3.7
-0.3490 -0.0455 3.7
-0.3490 -0.0456 3.7
-0.3490 -0.0457 3.7
-0.3490 -0.0457 3.7
-0.3490 -0.0458 3.7
-0.3490 -0.0459 3.7
-0.3490 -0.0459 3.7
-0.3490 -0.0460 3.7
-0.3490 -0.0460 3.7
-0.3490 -0.0461 3.7
-0.3490 -0.0462 3.7
-0.3490 -0.0463 3.7
-0.3490 -0.0463 3.7
-0.3490 -0.0464 3.7
-0.3490 -0.0465 3.7
-0.3490 -0.0466 3.7
-0.3490 -0.0467 3.7
-0.3490 -0.0468 3.7
-0.3490 -0.0469 3.7
-0.3490 -0.0470 3.7
-0.3490 -0.0471 3.7
-0.3490 -0.0472 3.7
-0.3490 -0.0474 3.7
-0.3490 -0.0475 3.7
-0.3490 -0.0476 3.7
-0.3490 -0.0477 3.7
-0.3490 -0.0478 3.7
-0.3490 -0.0479 3.7
-0.3490 -0.0480 3.7
-0.3490 -0.0482 3.7
-0.3490 -0.0483 3.7
-0.3490 -0.0483 3.7
-0.3490 -0.0484 3.7
-0.3490 -0.0485 3.7
-0.3490 -0.0486 3.7
-0.3490 -0.0487 3.7
-0.3490 -0.0487 3.7
-0.3490 -0.0488 3.7
-0.3490 -0.0489 3.7
-0.3490 -0.0489 3.7
-0.3490 -0.0490 3.7
-0.3490 -0.0490 3.7
-0.3490 -0.0490 3.7
-0.3490 -0.0491 3.7
-0.3490 -0.0491 3.7
-0.3490 -0.0491 3.7
-0.3490 -0.0492 3.7
-0.3490 -0.0492 3.7
-0.3490 -0.0492 3.7
-0.3490 -0.0493 3.7
-0.3490 -0.0493 3.7
-0.3490 -0.0493 3.7
-0.3490 -0.0494 3.7
-0.3490 -0.0494 3.7
-0.3490 -0.0494 3.7
-0.3490 -0.0495 3.7
-0.3490 -0.0495 3.7
-0.3490 -0.0495 3.7
-0.3490 -0.0496 3.7
-0.3490 -0.0496 3.7
-0.3490 -0.0497 3.7
-0.3490 -0.0497 3.7
-0.3490 -0.0498 3.7
-0.3490 -0.0498 3.7
-0.3490 -0.0499 3.7
-0.3490 -0.0499 3.7
-0.3490 -0.0500 3.7
-0.3490 -0.0501 3.7
-0.3490 -0.0501 3.7
-0.3490 -0.0502 3.7
-0.3490 -0.0502 3.7
-0.3490 -0.0503 3.7
-0.3490 -0.0503 3.7
-0.3490 -0.0504 3.7
-0.3490 -0.0504 3.7
-0.3490 -0.0504 3.7
-0.3490 -0.0505 3.7
-0.3490 -0.0505 3.7
-0.3490 -0.0505 3.7
-0.3490 -0.0506 3.7
-0.3490 -0.0506 3.7
-0.3490 -0.0506 3.7
-0.3490 -0.0506 3.7
-0.3490 -0.0507 3.7
-0.3490 -0.0507 3.7
-0.3490 -0.0507 3.7
-0.3490 -0.0507 3.7
-0.3490 -0.0507 3.7
-0.3490 -0.0507 3.7
-0.3490 -0.0508 3.7
-0.3490 -0.0508 3.7
-0.3490 -0.0508 3.7
-0.3490 -0.0508 3.7
-0.3490 -0.0508 3.7
-0.3490 -0.0508 3.7
-0.3490 -0.0508 3.7
-0.3490 -0.0509 3.7
-0.3490 -0.0509 3.7
-0.3490 -0.0509 3.7
-0.3490 -0.0509 3.7
-0.3490 -0.0509 3.7
-0.3490 -0.0509 3.7
-0.3490 -0.0510 3.7
-0.3490 -0.0510 3.7
-0.3490 -0.0510 3.7
-0.3490 -0.0510 3.7
-0.3490 -0.0511 3.7
-0.3490 -0.0511 3.7
-0.3490 -0.0511 3.7
-0.3490 -0.0511 3.7
-0.3490 -0.0512 3.7
-0.3490 -0.0512 3.7
-0.3490 -0.0512 3.7
-0.3490 -0.0512 3.7
-0.3490 -0.0512 3.7
-0.3490 -0.0513 3.7
-0.3490 -0.0513 3.7
-0.3490 -0.0513 3.7
-0.3490 -0.0513 3.7
-0.3490 -0.0513 3.7
-0.3490 -0.0513 3.7
-0.3490 -0.0514 3.7
-0.3490 -0.0514 3.7
-0.3490 -0.0514 3.7
-0.3490 -0.0514 3.7
-0.3490 -0.0514 3.7
-0.3490 -0.0514 3.7
-0.3490 -0.0514 3.7
-0.3490 -0.0514 3.7
-0.3490 -0.0514 3.7
-0.3490 -0.0514 3.7
-0.3490 -0.0514 3.7
-0.3490 -0.0515 3.7
-0.3490 -0.0515 3.7
-0.3490 -0.0515 3.7
-0.3491 -0.0515 3.7
-0.3491 -0.0515 3.7
-0.3491 -0.0515 3.7
-0.3491 -0.0515 3.7
-0.3491 -0.0515 3.7
-0.3491 -0.0515 3.7
-0.3491 -0.0515 3.7
-0.3491 -0.0515 3.7
-0.3491 -0.0515 3.7
-0.3491 -0.0515 3.7
-0.3491 -0.0515 3.7
-0.3491 -0.0516 3.7
-0.3491 -0.0516 3.7
-0.3491 -0.0516 3.7
-0.3491 -0.0516 3.7
-0.3491 -0.0516 3.7
-0.3491 -0.0516 3.7
-0.3491 -0.0516 3.7
-0.3491 -0.0516 3.7
-0.3491 -0.0516 3.7
-0.3491 -0.0516 3.7
-0.3491 -0.0516 3.7
-0.3491 -0.0517 3.7
-0.3491 -0.0517 3.7
-0.3491 -0.0517 3.7
-0.3491 -0.0517 3.7
-0.3491 -0.0517 3.7
-0.3491 -0.0517 3.7
-0.3491 -0.0517 3.7
-0.3491 -0.0517 3.7
-0.3491 -0.0517 3.7
-0.3491 -0.0517 3.7
-0.3491 -0.0517 3.7
-0.3491 -0.0517 3.7
-0.3491 -0.0517 3.7
-0.3491 -0.0517 3.7
-0.3491 -0.0517 3.7
-0.3491 -0.0517 3.7
-0.3491 -0.0517 3.7
-0.3491 -0.0517 3.7
-0.3491 -0.0517 3.7
-0.3491 -0.0517 3.7
-0.3491 -0.0517 3.7
-0.3491 -0.0517 3.7
-0.3491 -0.0517 3.7
-0.3491 -0.0517 3.7
-0.3491 -0.0517 3.7
-0.3491 -0.0517 3.7
-0.3491 -0.0517 3.7
-0.3491 -0.0518 3.7
-0.3491 -0.0518 3.7
-0.3491 -0.0518 3.7
-0.3491 -0.0518 3.7
-0.3491 -0.0518 3.7
-0.3491 -0.0518 3.7
-0.3491 -0.0518 3.7
-0.3491 -0.0518 3.7
-0.3491 -0.0518 3.7
-0.3491 -0.0518 3.7
-0.3491 -0.0518 3.7
-0.3491 -0.0518 3.7
-0.3491 -0.0518 3.7
-0.3491 -0.0518 3.7
-0.3491 -0.0518 3.7
-0.3491 -0.0518 3.7
-0.3491 -0.0518 3.7
-0.3491 -0.0518 3.7
-0.3491 -0.0518 3.7
-0.3491 -0.0518 3.7
-0.3491 -0.0518 3.7
-0.3491 -0.0518 3.7
-0.3491 -0.0518 3.7
-0.3491 -0.0518 3.7
-0.3491 -0.0518 3.7
-0.3491 -0.0518 3.7
-0.3491 -0.0518 3.7
-0.3491 -0.0518 3.7
-0.3491 -0.0518 3.7
-0.3491 -0.0518 3.7
-0.3491 -0.0518 3.7
-0.3491 -0.0518 3.7
-0.3491 -0.0518 3.7
-0.3491 -0.0518 3.7
-0.3491 -0.0518 3.7
-0.3491 -0.0518 3.7
-0.3491 -0.0518 3.7
-0.3491 -0.0518 3.7
-0.3491 -0.0518 3.7
-0.3491 -0.0518 3.7
-0.3491 -0.0518 3.7
-0.3491 -0.0518 3.7
-0.3491 -0.0518 3.7
-0.3491 -0.0518 3.7
-0.3491 -0.0518 3.7
-0.3491 -0.0518 3.7
-0.3491 -0.0518 3.7
-0.3491 -0.0519 3.7
-0.3491 -0.0519 3.7
-0.3491 -0.0519 3.7
-0.3491 -0.0519 3.7
-0.3491 -0.0520 3.7
-0.3491 -0.0520 3.7
-0.3491 -0.0521 3.7
-0.3491 -0.0522 3.7
-0.3491 -0.0522 3.7
-0.3491 -0.0523 3.7
-0.3491 -0.0525 3.7
-0.3491 -0.0526 3.7
-0.3491 -0.0527 3.7
-0.3491 -0.0529 3.7
-0.3491 -0.0531 3.7
-0.3491 -0.0532 3.7
-0.3491 -0.0534 3.7
-0.3491 -0.0537 3.7
-0.3491 -0.0539 3.7
-0.3491 -0.0541 3.7
-0.3491 -0.0544 3.7
-0.3491 -0.0546 3.7
-0.3491 -0.0549 3.7
-0.3491 -0.0552 3.7
-0.3491 -0.0554 3.7
-0.3491 -0.0557 3.7
-0.3491 -0.0560 3.7
-0.3491 -0.0563 3.7
-0.3491 -0.0566 3.7
-0.3491 -0.0569 3.7
-0.3491 -0.0572 3.7
-0.3491 -0.0575 3.7
-0.3491 -0.0578 3.7
-0.3491 -0.0581 3.7
-0.3491 -0.0584 3.7
-0.3491 -0.0587 3.7
-0.3491 -0.0590 3.7
-0.3491 -0.0593 3.7
-0.3491 -0.0596 3.7
-0.3491 -0.0599 3.7
-0.3491 -0.0602 3.7
-0.3491 -0.0605 3.7
-0.3491 -0.0608 3.7
-0.3491 -0.0610 3.7
-0.3491 -0.0613 3.7
-0.3491 -0.0616 3.7
-0.3491 -0.0618 3.7
-0.3491 -0.0621 3.7
-0.3491 -0.0623 3.7
-0.3491 -0.0625 3.7
-0.3491 -0.0628 3.7
-0.3491 -0.0630 3.7
-0.3492 -0.0632 3.7
-0.3492 -0.0634 3.7
-0.3492 -0.0636 3.7
-0.3492 -0.0638 3.7
-0.3492 -0.0640 3.7
-0.3492 -0.0642 3.7
-0.3492 -0.0643 3.7
-0.3492 -0.0645 3.7
-0.3492 -0.0647 3.7
-0.3492 -0.0648 3.7
-0.3492 -0.0650 3.7
-0.3492 -0.0651 3.7
-0.3492 -0.0652 3.7
-0.3492 -0.0654 3.7
-0.3492 -0.0655 3.7
-0.3492 -0.0656 3.7
-0.3492 -0.0657 3.7
-0.3492 -0.0658 3.7
-0.3492 -0.0659 3.7
-0.3492 -0.0660 3.7
-0.3492 -0.0661 3.7
-0.3492 -0.0661 3.7
-0.3492 -0.0662 3.7
-0.3492 -0.0663 3.7
-0.3492 -0.0663 3.7
-0.3492 -0.0664 3.7
-0.3492 -0.0664 3.7
-0.3492 -0.0665 3.7
-0.3492 -0.0665 3.7
-0.3492 -0.0665 3.7
-0.3492 -0.0666 3.7
-0.3492 -0.0666 3.7
-0.3492 -0.0666 3.7
-0.3492 -0.0666 3.7
-0.3492 -0.0666 3.7
-0.3492 -0.0666 3.7
-0.3492 -0.0666 3.7
-0.3492 -0.0665 3.7
-0.3492 -0.0665 3.7
-0.3492 -0.0665 3.7
-0.3492 -0.0664 3.7
-0.3492 -0.0664 3.7
-0.3492 -0.0664 3.7
-0.3492 -0.0663 3.7
-0.3492 -0.0663 3.7
-0.3492 -0.0662 3.7
-0.3492 -0.0661 3.7
-0.3492 -0.0660 3.7
-0.3492 -0.0659 3.7
-0.3492 -0.0658 3.7
-0.3492 -0.0657 3.7
-0.3492 -0.0655 3.7
-0.3492 -0.0653 3.7
-0.3492 -0.0651 3.7
-0.3492 -0.0649 3.7
-0.3492 -0.0647 3.7
-0.3492 -0.0644 3.7
-0.3492 -0.0641 3.7
-0.3492 -0.0639 3.7
-0.3492 -0.0636 3.7
-0.3492 -0.0633 3.7
-0.3492 -0.0630 3.7
-0.3492 -0.0627 3.7
-0.3492 -0.0623 3.7
-0.3492 -0.0620 3.7
-0.3492 -0.0617 3.7
-0.3492 -0.0614 3.7
-0.3492 -0.0610 3.7
-0.3492 -0.0607 3.7
-0.3492 -0.0604 3.7
-0.3491 -0.0601 3.7
-0.3491 -0.0598 3.7
-0.3491 -0.0595 3.7
-0.3491 -0.0592 3.7
-0.3491 -0.0589 3.7
-0.3491 -0.0587 3.7
-0.3491 -0.0584 3.7
-0.3491 -0.0581 3.7
-0.3491 -0.0579 3.7
-0.3491 -0.0576 3.7
-0.3491 -0.0574 3.7
-0.3491 -0.0572 3.7
-0.3491 -0.0570 3.7
-0.3491 -0.0568 3.7
-0.3491 -0.0566 3.7
-0.3491 -0.0564 3.7
-0.3491 -0.0562 3.7
-0.3491 -0.0560 3.7
-0.3491 -0.0558 3.7
-0.3491 -0.0557 3.7
-0.3491 -0.0555 3.7
-0.3491 -0.0554 3.7
-0.3491 -0.0552 3.7
-0.3491 -0.0551 3.7
-0.3491 -0.0549 3.7
-0.3491 -0.0548 3.7
-0.3491 -0.0547 3.7
-0.3491 -0.0545 3.7
-0.3491 -0.0544 3.7
-0.3491 -0.0543 3.7
-0.3491 -0.0542 3.7
-0.3491 -0.0540 3.7
-0.3491 -0.0539 3.7
-0.3491 -0.0538 3.7
-0.3491 -0.0537 3.7
-0.3491 -0.0536 3.7
-0.3491 -0.0535 3.7
-0.3491 -0.0534 3.7
-0.3491 -0.0533 3.7
-0.3491 -0.0532 3.7
-0.3491 -0.0532 3.7
-0.3491 -0.0531 3.7
-0.3491 -0.0530 3.7
-0.3491 -0.0529 3.7
-0.3491 -0.0528 3.7
-0.3491 -0.0528 3.7
-0.3491 -0.0527 3.7
-0.3491 -0.0526 3.7
-0.3491 -0.0526 3.7
-0.3491 -0.0525 3.7
-0.3491 -0.0524 3.7
-0.3491 -0.0524 3.7
-0.3491 -0.0523 3.7
-0.3491 -0.0523 3.7
-0.3491 -0.0522 3.7
-0.3491 -0.0522 3.7
-0.3491 -0.0521 3.7
-0.3491 -0.0521 3.7
-0.3491 -0.0521 3.7
-0.3491 -0.0520 3.7
-0.3491 -0.0520 3.7
-0.3491 -0.0519 3.7
-0.3491 -0.0519 3.7
-0.3491 -0.0519 3.7
-0.3491 -0.0519 3.7
-0.3491 -0.0518 3.7
-0.3491 -0.0518 3.7
-0.3491 -0.0518 3.7
-0.3491 -0.0518 3.7
-0.3491 -0.0518 3.7
-0.3491 -0.0517 3.7
-0.3491 -0.0517 3.7
-0.3491 -0.0517 3.7
-0.3491 -0.0517 3.7
-0.3491 -0.0517 3.7
-0.3491 -0.0517 3.7
-0.3491 -0.0517 3.7
-0.3491 -0.0516 3.7
-0.3491 -0.0516 3.7
-0.3491 -0.0516 3.7
-0.3491 -0.0516 3.7
-0.3491 -0.0516 3.7
-0.3491 -0.0516 3.7
-0.3491 -0.0516 3.7
-0.3491 -0.0516 3.7
-0.3491 -0.0516 3.7
-0.3491 -0.0516 3.7
-0.3491 -0.0516 3.7
-0.3491 -0.0516 3.7
-0.3491 -0.0516 3.7
-0.3491 -0.0516 3.7
-0.3491 -0.0516 3.7
-0.3491 -0.0516 3.7
-0.3491 -0.0516 3.7
-0.3491 -0.0516 3.7
-0.3491 -0.0516 3.7
-0.3491 -0.0516 3.7
-0.3491 -0.0516 3.7
-0.3491 -0.0516 3.7
-0.3491 -0.0516 3.7
-0.3491 -0.0516 3.7
-0.3491 -0.0516 3.7
-0.3491 -0.0516 3.7
-0.3491 -0.0516 3.7
-0.3491 -0.0516 3.7
-0.3491 -0.0516 3.7
-0.3491 -0.0516 3.7
-0.3491 -0.0517 3.7
-0.3491 -0.0517 3.7
-0.3491 -0.0517 3.7
-0.3491 -0.0517 3.7
-0.3491 -0.0517 3.7
-0.3491 -0.0517 3.7
-0.3491 -0.0517 3.7
-0.3491 -0.0517 3.7
-0.3491 -0.0517 3.7
-0.3491 -0.0517 3.7
-0.3491 -0.0517 3.7
-0.3491 -0.0517 3.7
-0.3491 -0.0517 3.7
-0.3491 -0.0517 3.7
-0.3491 -0.0517 3.7
-0.3491 -0.0518 3.7
-0.3491 -0.0518 3.7
-0.3491 -0.0518 3.7
-0.3491 -0.0518 3.7
-0.3491 -0.0518 3.7
-0.3491 -0.0518 3.7
-0.3491 -0.0518 3.7
-0.3491 -0.0518 3.7
-0.3491 -0.0518 3.7
-0.3491 -0.0518 3.7
-0.3491 -0.0518 3.7
-0.3491 -0.0518 3.7
-0.3491 -0.0518 3.7
-0.3491 -0.0518 3.7
-0.3491 -0.0518 3.7
-0.3491 -0.0518 3.7
-0.3491 -0.0518 3.7
-0.3491 -0.0519 3.7
-0.3491 -0.0519 3.7
-0.3491 -0.0519 3.7
-0.3491 -0.0519 3.7
-0.3491 -0.0519 3.7
-0.3491 -0.0519 3.7
-0.3491 -0.0519 3.7
-0.3491 -0.0519 3.7
-0.3491 -0.0519 3.7
-0.3491 -0.0519 3.7
-0.3491 -0.0519 3.7
-0.3491 -0.0519 3.7
-0.3491 -0.0519 3.7
-0.3491 -0.0519 3.7
-0.3491 -0.0519 3.7
-0.3491 -0.0519 3.7
-0.3491 -0.0519 3.7
-0.3491 -0.0519 3.7
-0.3491 -0.0519 3.7
-0.3491 -0.0519 3.7
-0.3491 -0.0519 3.7
-0.3491 -0.0519 3.7
-0.3491 -0.0519 3.7
-0.3491 -0.0519 3.7
-0.3491 -0.0519 3.7
-0.3491 -0.0520 3.7
-0.3491 -0.0520 3.7
-0.3491 -0.0520 3.7
-0.3491 -0.0520 3.7
-0.3491 -0.0520 3.7
-0.3491 -0.0520 3.7
-0.3491 -0.0520 3.7
-0.3491 -0.0520 3.7
-0.3491 -0.0520 3.7
-0.3491 -0.0520 3.7
-0.3491 -0.0520 3.7
-0.3491 -0.0520 3.7
-0.3491 -0.0520 3.7
-0.3491 -0.0520 3.7
-0.3491 -0.0520 3.7
-0.3491 -0.0520 3.7
-0.3491 -0.0520 3.7
-0.3491 -0.0520 3.7
-0.3491 -0.0520 3.7
-0.3491 -0.0520 3.7
-0.3491 -0.0520 3.7
-0.3491 -0.0520 3.7
-0.3491 -0.0520 3.7
-0.3491 -0.0520 3.7
-0.3491 -0.0520 3.7
-0.3491 -0.0520 3.7
-0.3491 -0.0520 3.7
-0.3491 -0.0520 3.7
-0.3491 -0.0520 3.7
-0.3491 -0.0520 3.7
-0.3491 -0.0520 3.7
-0.3491 -0.0520 3.7
-0.3491 -0.0520 3.7
-0.3491 -0.0520 3.7
-0.3491 -0.0520 3.7
-0.3491 -0.0520 3.7
-0.3491 -0.0520 3.7
-0.3491 -0.0520 3.7
-0.3491 -0.0520 3.7
-0.3491 -0.0520 3.7
-0.3491 -0.0520 3.7
-0.3491 -0.0520 3.7
-0.3491 -0.0520 3.7
-0.3491 -0.0520 3.7
-0.3491 -0.0520 3.7
-0.3491 -0.0520 3.7
-0.3491 -0.0520 3.7
-0.3491 -0.0520 3.7
-0.3491 -0.0520 3.7
-0.3491 -0.0520 3.7
-0.3491 -0.0520 3.7
-0.3491 -0.0520 3.7
-0.3491 -0.0520 3.7
-0.3491 -0.0520 3.7
-0.3491 -0.0520 3.7
-0.3491 -0.0520 3.7
-0.3491 -0.0520 3.7
-0.3491 -0.0520 3.7
-0.3491 -0.0520 3.7
-0.3491 -0.0520 3.7
-0.3491 -0.0520 3.7
-0.3491 -0.0520 3.7
-0.3491 -0.0520 3.7
-0.3491 -0.0520 3.7
-0.3491 -0.0520 3.7
-0.3491 -0.0520 3.7
-0.3491 -0.0520 3.7
-0.3491 -0.0520 3.7
-0.3491 -0.0520 3.7
-0.3491 -0.0520 3.7
-0.3491 -0.0520 3.7
-0.3491 -0.0520 3.7
-0.3491 -0.0520 3.7
-0.3491 -0.0520 3.7
-0.3491 -0.0520 3.7
-0.3491 -0.0520 3.7
-0.3491 -0.0520 3.7
-0.3491 -0.0520 3.7
-0.3491 -0.0520 3.7
-0.3491 -0.0520 3.7
-0.3491 -0.0520 3.7
-0.3491 -0.0520 3.7
-0.3491 -0.0520 3.7
-0.3491 -0.0520 3.7
-0.3491 -0.0520 3.7
-0.3491 -0.0520 3.7
-0.3491 -0.0519 3.7
-0.3491 -0.0519 3.7
-0.3491 -0.0519 3.7
-0.3491 -0.0519 3.7
-0.3491 -0.0519 3.7
-0.3491 -0.0519 3.7
-0.3491 -0.0519 3.7
-0.3491 -0.0519 3.7
-0.3491 -0.0519 3.7
-0.3491 -0.0519 3.7
-0.3491 -0.0519 3.7
-0.3491 -0.0519 3.7
-0.3491 -0.0519 3.7
-0.3491 -0.0519 3.7
-0.3491 -0.0519 3.7
-0.3491 -0.0519 3.7
-0.3491 -0.0519 3.7
-0.3491 -0.0519 3.7
-0.3491 -0.0519 3.7
-0.3491 -0.0519 3.7
-0.3491 -0.0519 3.7
-0.3491 -0.0519 3.7
-0.3491 -0.0519 3.7
-0.3491 -0.0519 3.7
-0.3491 -0.0519 3.7
-0.3491 -0.0519 3.7
-0.3491 -0.0519 3.7
-0.3491 -0.0519 3.7
-0.3491 -0.0519 3.7
-0.3491 -0.0519 3.7
-0.3491 -0.0519 3.7
-0.3491 -0.0519 3.7
-0.3491 -0.0519 3.7
-0.3491 -0.0519 3.7
-0.3491 -0.0519 3.7
-0.3491 -0.0519 3.7
-0.3491 -0.0519 3.7
-0.3491 -0.0519 3.7
-0.3491 -0.0519 3.7
-0.3491 -0.0519 3.7
-0.3491 -0.0519 3.7
-0.3491 -0.0519 3.7
-0.3491 -0.0519 3.7
-0.3491 -0.0519 3.7
-0.3491 -0.0519 3.7
-0.3491 -0.0519 3.7
-0.3491 -0.0519 3.7
-0.3491 -0.0519 3.7
-0.3491 -0.0519 3.7
-0.3491 -0.0519 3.7
-0.3491 -0.0519 3.7
-0.3491 -0.0519 3.7
-0.3491 -0.0519 3.7
-0.3491 -0.0519 3.7
-0.3491 -0.0519 3.7
-0.3491 -0.0519 3.7
-0.3491 -0.0519 3.7
-0.3491 -0.0519 3.7
-0.3491 -0.0519 3.7
-0.3491 -0.0519 3.7
-0.3491 -0.0519 3.7
-0.3491 -0.0519 3.7
-0.3491 -0.0519 3.7
-0.3491 -0.0519 3.7
-0.3491 -0.0519 3.7
-0.3491 -0.0519 3.7
-0.3491 -0.0519 3.7
-0.3491 -0.0519 3.7
-0.3491 -0.0519 3.7
-0.3491 -0.0519 3.7
-0.3491 -0.0519 3.7
-0.3491 -0.0519 3.7
-0.3491 -0.0519 3.7
-0.3491 -0.0519 3.7
-0.3491 -0.0519 3.7
-0.3491 -0.0519 3.7
-0.3491 -0.0519 3.7
-0.3491 -0.0519 3.7
-0.3491 -0.0519 3.7
-0.3491 -0.0519 3.7
-0.3491 -0.0519 3.7
-0.3491 -0.0519 3.7
-0.3491 -0.0519 3.7
-0.3491 -0.0519 3.7
-0.3491 -0.0519 3.7
-0.3491 -0.0519 3.7
-0.3491 -0.0519 3.7
-0.3491 -0.0519 3.7
-0.3491 -0.0519 3.7
-0.3491 -0.0519 3.7
-0.3491 -0.0519 3.7
-0.3491 -0.0519 3.7
-0.3491 -0.0519 3.7
-0.3491 -0.0519 3.7
-0.3491 -0.0519 3.7
-0.3491 -0.0519 3.7
-0.3491 -0.0519 3.7
-0.3491 -0.0519 3.7
-0.3491 -0.0519 3.7
-0.3491 -0.0519 3.7
-0.3491 -0.0519 3.7
-0.3491 -0.0519 3.7
-0.3491 -0.0519 3.7
-0.3491 -0.0519 3.7
-0.3491 -0.0519 3.7
-0.3491 -0.0519 3.7
-0.3491 -0.0519 3.7
-0.3491 -0.0519 3.7
-0.3491 -0.0519 3.7
-0.3491 -0.0519 3.7
-0.3491 -0.0519 3.7
-0.3491 -0.0519 3.7
-0.3491 -0.0519 3.7
-0.3491 -0.0519 3.7
-0.3491 -0.0519 3.7
-0.3491 -0.0519 3.7
-0.3491 -0.0519 3.7
-0.3491 -0.0519 3.7
-0.3491 -0.0519 3.7
-0.3491 -0.0519 3.7
-0.3491 -0.0519 3.7
-0.3491 -0.0519 3.7
-0.3491 -0.0519 3.7
-0.3491 -0.0519 3.7
-0.3491 -0.0519 3.7
-0.3491 -0.0519 3.7
-0.3491 -0.0519 3.7
-0.3491 -0.0519 3.7
-0.3491 -0.0519 3.7
-0.3491 -0.0519 3.7
-0.3491 -0.0519 3.7
-0.3491 -0.0519 3.7
-0.3491 -0.0519 3.7
-0.3491 -0.0519 3.7
-0.3491 -0.0519 3.7
-0.3491 -0.0519 3.7
-0.3491 -0.0519 3.7
-0.3491 -0.0519 3.7
-0.3491 -0.0519 3.7
-0.3491 -0.0519 3.7
-0.3491 -0.0518 3.7
-0.3491 -0.0518 3.7
-0.3491 -0.0518 3.7
-0.3491 -0.0518 3.7
-0.3491 -0.0518 3.7
-0.3491 -0.0518 3.7
-0.3491 -0.0518 3.7
-0.3491 -0.0518 3.7
-0.3491 -0.0518 3.7
-0.3491 -0.0518 3.7
-0.3491 -0.0518 3.7
-0.3491 -0.0518 3.7
-0.3491 -0.0518 3.7
-0.3491 -0.0518 3.7
-0.3491 -0.0518 3.7
-0.3491 -0.0518 3.7
-0.3491 -0.0518 3.7
-0.3491 -0.0518 3.7
-0.3491 -0.0518 3.7
-0.3491 -0.0518 3.7
-0.3491 -0.0518 3.7
-0.3491 -0.0518 3.7
-0.3491 -0.0518 3.7
-0.3491 -0.0518 3.7
-0.3491 -0.0518 3.7
-0.3491 -0.0518 3.7
-0.3491 -0.0518 3.7
-0.3491 -0.0518 3.7
-0.3491 -0.0518 3.7
-0.3491 -0.0518 3.7
-0.3491 -0.0518 3.7
-0.3491 -0.0518 3.7
-0.3491 -0.0518 3.7
-0.3491 -0.0518 3.7
-0.3491 -0.0518 3.7
-0.3491 -0.0518 3.7
-0.3491 -0.0518 3.7
-0.3491 -0.0518 3.7
-0.3491 -0.0518 3.7
-0.3491 -0.0518 3.7
-0.3491 -0.0518 3.7
-0.3491 -0.0518 3.7
-0.3491 -0.0518 3.7
-0.3491 -0.0518 3.7
-0.3491 -0.0518 3.7
-0.3491 -0.0518 3.7
-0.3491 -0.0518 3.7
-0.3491 -0.0518 3.7
-0.3491 -0.0518 3.7
-0.3491 -0.0518 3.7
-0.3491 -0.0518 3.7
-0.3491 -0.0518 3.7
-0.3491 -0.0518 3.7
-0.3491 -0.0518 3.7
-0.3491 -0.0518 3.7
-0.3491 -0.0518 3.7
-0.3491 -0.0518 3.7
-0.3491 -0.0518 3.7
-0.3491 -0.0518 3.7
-0.3491 -0.0518 3.7
-0.3491 -0.0518 3.7
-0.3491 -0.0518 3.7
-0.3491 -0.0518 3.7
-0.3491 -0.0518 3.7
-0.3491 -0.0518 3.7
-0.3491 -0.0518 3.7
-0.3491 -0.0518 3.7
-0.3491 -0.0518 3.7
-0.3491 -0.0518 3.7
-0.3491 -0.0518 3.7
-0.3491 -0.0518 3.7
-0.3491 -0.0518 3.7
-0.3491 -0.0518 3.7
-0.3491 -0.0518 3.7
-0.3491 -0.0518 3.7
-0.3491 -0.0518 3.7
-0.3491 -0.0518 3.7
-0.3491 -0.0518 3.7
-0.3491 -0.0518 3.7
-0.3491 -0.0518 3.7
-0.3491 -0.0518 3.7
-0.3491 -0.0518 3.7
-0.3491 -0.0518 3.7
-0.3491 -0.0518 3.7
-0.3491 -0.0518 3.7
-0.3491 -0.0518 3.7
-0.3491 -0.0518 3.7
-0.3491 -0.0518 3.7
-0.3491 -0.0518 3.7
-0.3491 -0.0518 3.7
-0.3491 -0.0518 3.7
-0.3491 -0.0518 3.7
-0.3491 -0.0518 3.7
-0.3491 -0.0518 3.7
-0.3491 -0.0518 3.7
-0.3491 -0.0518 3.7
-0.3491 -0.0518 3.7
-0.3491 -0.0518 3.7
-0.3491 -0.0518 3.7
-0.3491 -0.0518 3.7
-0.3491 -0.0518 3.7
-0.3491 -0.0518 3.7
-0.3491 -0.0518 3.7
-0.3491 -0.0518 3.7
-0.3491 -0.0518 3.7
-0.3491 -0.0518 3.7
-0.3491 -0.0518 3.7
-0.3491 -0.0518 3.7
-0.3491 -0.0518 3.7
-0.3491 -0.0518 3.7
-0.3491 -0.0518 3.7
-0.3491 -0.0518 3.7
-0.3491 -0.0518 3.7
-0.3491 -0.0518 3.7
-0.3491 -0.0518 3.7
-0.3491 -0.0518 3.7
-0.3491 -0.0518 3.7
-0.3491 -0.0518 3.7
-0.3491 -0.0518 3.7
-0.3491 -0.0518 3.7
-0.3491 -0.0518 3.7
-0.3491 -0.0518 3.7
-0.3491 -0.0518 3.7
-0.3491 -0.0518 3.7
-0.3491 -0.0518 3.7
-0.3491 -0.0518 3.7
-0.3491 -0.0518 3.7
-0.3491 -0.0518 3.7
-0.3491 -0.0518 3.7
-0.3491 -0.0518 3.7
-0.3491 -0.0518 3.7
-0.3491 -0.0518 3.7
-0.3491 -0.0518 3.7
-0.3491 -0.0518 3.7
-0.3491 -0.0518 3.7
-0.3491 -0.0518 3.7
-0.3491 -0.0518 3.7
-0.3491 -0.0518 3.7
-0.3491 -0.0518 3.7
-0.3491 -0.0518 3.7
-0.3491 -0.0518 3.7
-0.3491 -0.0518 3.7
-0.3491 -0.0518 3.7
-0.3491 -0.0518 3.7
-0.3491 -0.0518 3.7
-0.3491 -0.0518 3.7
-0.3491 -0.0518 3.7
-0.3491 -0.0518 3.7
-0.3491 -0.0518 3.7
-0.3491 -0.0518 3.7
-0.3491 -0.0518 3.7
-0.3491 -0.0518 3.7
-0.3491 -0.0518 3.7
-0.3491 -0.0518 3.7
-0.3491 -0.0518 3.7
-0.3491 -0.0518 3.7
-0.3491 -0.0518 3.7
-0.3491 -0.0518 3.7
-0.3491 -0.0518 3.7
-0.3491 -0.0518 3.7
-0.3491 -0.0518 3.7
-0.3491 -0.0518 3.7
-0.3491 -0.0518 3.7
-0.3491 -0.0518 3.7
-0.3491 -0.0518 3.7
-0.3491 -0.0518 3.7
-0.3491 -0.0518 3.7
-0.3491 -0.0518 3.7
-0.3491 -0.0518 3.7
-0.3491 -0.0518 3.7
-0.3491 -0.0518 3.7
-0.3491 -0.0518 3.7
-0.3491 -0.0518 3.7
-0.3491 -0.0518 3.7
-0.3491 -0.0518 3.7
-0.3491 -0.0518 3.7
-0.3491 -0.0518 3.7
-0.3491 -0.0518 3.7
-0.3491 -0.0518 3.7
-0.3491 -0.0518 3.7
-0.3491 -0.0518 3.7
-0.3491 -0.0518 3.7
-0.3491 -0.0518 3.7
-0.3491 -0.0518 3.7
-0.3491 -0.0518 3.7
-0.3491 -0.0518 3.7
-0.3491 -0.0518 3.7
-0.3491 -0.0518 3.7
-0.3491 -0.0518 3.7
-0.3491 -0.0518 3.7
-0.3491 -0.0518 3.7
-0.3491 -0.0518 3.7
-0.3491 -0.0518 3.7
-0.3491 -0.0518 3.7
-0.3491 -0.0518 3.7
-0.3491 -0.0518 3.7
-0.3491 -0.0518 3.7
-0.3491 -0.0518 3.7
-0.3491 -0.0518 3.7
-0.3491 -0.0518 3.7
-0.3491 -0.0518 3.7
-0.3491 -0.0518 3.7
-0.3491 -0.0518 3.7
-0.3491 -0.0518 3.7
-0.3491 -0.0518 3.7
-0.3491 -0.0518 3.7
-0.3491 -0.0518 3.7
-0.3491 -0.0518 3.7
-0.3491 -0.0518 3.7
-0.3491 -0.0518 3.7
-0.3491 -0.0518 3.7
-0.3491 -0.0518 3.7
-0.3491 -0.0518 3.7
-0.3491 -0.0518 3.7
-0.3491 -0.0518 3.7
-0.3491 -0.0518 3.7
-0.3491 -0.0518 3.7
-0.3491 -0.0518 3.7
-0.3491 -0.0518 3.7
-0.3491 -0.0518 3.7
-0.3491 -0.0518 3.7
-0.3491 -0.0518 3.7
-0.3491 -0.0518 3.7
-0.3491 -0.0518 3.7
-0.3491 -0.0518 3.7
-0.3491 -0.0518 3.7
-0.3491 -0.0518 3.7
-0.3491 -0.0518 3.7
-0.3491 -0.0518 3.7
-0.3491 -0.0518 3.7
-0.3491 -0.0518 3.7
-0.3491 -0.0518 3.7
-0.3491 -0.0518 3.7
-0.3491 -0.0518 3.7
-0.3491 -0.0518 3.7
-0.3491 -0.0518 3.7
-0.3491 -0.0518 3.7
-0.3491 -0.0518 3.7
-0.3491 -0.0518 3.7
-0.3491 -0.0518 3.7
-0.3491 -0.0518 3.7
-0.3491 -0.0518 3.7
-0.3491 -0.0518 3.7
-0.3491 -0.0518 3.7
-0.3491 -0.0518 3.7
-0.3491 -0.0517 3.7
-0.3491 -0.0517 3.7
-0.3491 -0.0517 3.7
-0.3491 -0.0517 3.7
-0.3491 -0.0517 3.7
-0.3491 -0.0517 3.7
-0.3491 -0.0517 3.7
-0.3491 -0.0517 3.7
-0.3491 -0.0517 3.7
-0.3491 -0.0517 3.7
-0.3491 -0.0517 3.7
-0.3491 -0.0517 3.7
-0.3491 -0.0517 3.7
-0.3491 -0.0517 3.7
-0.3491 -0.0517 3.7
-0.3491 -0.0517 3.7
-0.3491 -0.0517 3.7
-0.3491 -0.0517 3.7
-0.3491 -0.0517 3.7
-0.3491 -0.0517 3.7
-0.3491 -0.0517 3.7
-0.3491 -0.0517 3.7
-0.3491 -0.0517 3.7
-0.3491 -0.0517 3.7
-0.3491 -0.0517 3.7
-0.3491 -0.0517 3.7
-0.3491 -0.0517 3.7
-0.3491 -0.0517 3.7
-0.3491 -0.0517 3.7
-0.3491 -0.0517 3.7
-0.3491 -0.0517 3.7
-0.3491 -0.0517 3.7
-0.3491 -0.0517 3.7
-0.3491 -0.0517 3.7
-0.3491 -0.0517 3.7
-0.3491 -0.0517 3.7
-0.3491 -0.0517 3.7
-0.3491 -0.0517 3.7
-0.3491 -0.0517 3.7
-0.3491 -0.0517 3.7
-0.3491 -0.0517 3.7
-0.3491 -0.0517 3.7
-0.3491 -0.0517 3.7
-0.3491 -0.0517 3.7
-0.3491 -0.0517 3.7
-0.3491 -0.0517 3.7
-0.3491 -0.0517 3.7
-0.3491 -0.0517 3.7
-0.3491 -0.0517 3.7
-0.3491 -0.0517 3.7
-0.3491 -0.0517 3.7
-0.3491 -0.0517 3.7
-0.3491 -0.0517 3.7
-0.3491 -0.0517 3.7
-0.3491 -0.0517 3.7
-0.3491 -0.0517 3.7
-0.3491 -0.0517 3.7
-0.3491 -0.0517 3.7
-0.3491 -0.0517 3.7
-0.3491 -0.0517 3.7
-0.3491 -0.0517 3.7
-0.3491 -0.0517 3.7
-0.3491 -0.0517 3.7
-0.3491 -0.0517 3.7
-0.3491 -0.0517 3.7
-0.3491 -0.0517 3.7
-0.3491 -0.0517 3.7
-0.3491 -0.0517 3.7
-0.3491 -0.0517 3.7
-0.3491 -0.0517 3.7
-0.3491 -0.0517 3.7
-0.3491 -0.0517 3.7
-0.3491 -0.0517 3.7
-0.3491 -0.0517 3.7
-0.3491 -0.0517 3.7
-0.3491 -0.0517 3.7
-0.3491 -0.0517 3.7
-0.3491 -0.0517 3.7
-0.3491 -0.0517 3.7
-0.3491 -0.0517 3.7
-0.3491 -0.0517 3.7
-0.3491 -0.0517 3.7
-0.3491 -0.0517 3.7
-0.3491 -0.0517 3.7
-0.3491 -0.0517 3.7
-0.3491 -0.0517 3.7
-0.3491 -0.0517 3.7
-0.3491 -0.0517 3.7
-0.3491 -0.0517 3.7
-0.3491 -0.0517 3.7
-0.3491 -0.0517 3.7
-0.3491 -0.0517 3.7
-0.3491 -0.0517 3.7
-0.3491 -0.0517 3.7
-0.3491 -0.0517 3.7
-0.3491 -0.0517 3.7
-0.3491 -0.0517 3.7
-0.3491 -0.0517 3.7
-0.3491 -0.0517 3.7
-0.3491 -0.0517 3.7
-0.3491 -0.0517 3.7
-0.3491 -0.0517 3.7
-0.3491 -0.0517 3.7
-0.3491 -0.0517 3.7
-0.3491 -0.0517 3.7
-0.3491 -0.0517 3.7
-0.3491 -0.0517 3.7
-0.3491 -0.0517 3.7
-0.3491 -0.0517 3.7
-0.3491 -0.0517 3.7
-0.3491 -0.0517 3.7
-0.3491 -0.0517 3.7
-0.3491 -0.0517 3.7
-0.3491 -0.0517 3.7
-0.3491 -0.0517 3.7
-0.3491 -0.0517 3.7
-0.3491 -0.0517 3.7
-0.3491 -0.0517 3.7
-0.3491 -0.0517 3.7
-0.3491 -0.0517 3.7
-0.3491 -0.0517 3.7
-0.3491 -0.0517 3.7
-0.3491 -0.0517 3.7
-0.3491 -0.0517 3.7
-0.3491 -0.0517 3.7
-0.3491 -0.0517 3.7
-0.3491 -0.0517 3.7
-0.3491 -0.0517 3.7
-0.3491 -0.0517 3.7
-0.3491 -0.0517 3.7
-0.3491 -0.0517 3.7
-0.3491 -0.0517 3.7
-0.3491 -0.0517 3.7
-0.3491 -0.0517 3.7
-0.3491 -0.0517 3.7
-0.3491 -0.0517 3.7
-0.3491 -0.0517 3.7
-0.3491 -0.0517 3.7
-0.3491 -0.0517 3.7
-0.3491 -0.0517 3.7
-0.3491 -0.0517 3.7
-0.3491 -0.0517 3.7
-0.3491 -0.0517 3.7
-0.3491 -0.0517 3.7
-0.3491 -0.0517 3.7
-0.3491 -0.0517 3.7
-0.3491 -0.0517 3.7
-0.3491 -0.0517 3.7
-0.3491 -0.0517 3.7
-0.3491 -0.0517 3.7
-0.3491 -0.0517 3.7
-0.3491 -0.0517 3.7
-0.3491 -0.0517 3.7
-0.3491 -0.0517 3.7
-0.3491 -0.0517 3.7
-0.3491 -0.0517 3.7
-0.3491 -0.0517 3.7
-0.3491 -0.0517 3.7
-0.3491 -0.0517 3.7
-0.3491 -0.0517 3.7
-0.3491 -0.0517 3.7
-0.3491 -0.0517 3.7
-0.3491 -0.0517 3.7
-0.3491 -0.0517 3.7
-0.3491 -0.0517 3.7
-0.3491 -0.0517 3.7
-0.3491 -0.0517 3.7
-0.3491 -0.0517 3.7
-0.3491 -0.0517 3.7
-0.3491 -0.0517 3.7
-0.3491 -0.0517 3.7
-0.3491 -0.0517 3.7
-0.3491 -0.0517 3.7
-0.3491 -0.0517 3.7
-0.3491 -0.0517 3.7
-0.3491 -0.0517 3.7
-0.3491 -0.0517 3.7
-0.3491 -0.0517 3.7
-0.3491 -0.0517 3.7
-0.3491 -0.0517 3.7
-0.3491 -0.0517 3.7
-0.3491 -0.0517 3.7
-0.3491 -0.0517 3.7
-0.3491 -0.0517 3.7
-0.3491 -0.0517 3.7
-0.3491 -0.0517 3.7
-0.3491 -0.0517 3.7
-0.3491 -0.0517 3.7
-0.3491 -0.0517 3.7
-0.3491 -0.0517 3.7
-0.3491 -0.0517 3.7
-0.3491 -0.0517 3.7
-0.3491 -0.0517 3.7
-0.3491 -0.0516 3.7
-0.3491 -0.0515 3.7
-0.3491 -0.0513 3.7
-0.3491 -0.0510 3.7
-0.3491 -0.0505 3.7
-0.3491 -0.0499 3.7
-0.3491 -0.0492 3.7
-0.3491 -0.0484 3.7
-0.3491 -0.0476 3.7
-0.3491 -0.0466 3.7
-0.3491 -0.0456 3.7
-0.3491 -0.0445 3.7
-0.3491 -0.0435 3.7
-0.3491 -0.0424 3.7
-0.3491 -0.0414 3.7
-0.3491 -0.0404 3.7
-0.3491 -0.0395 3.7
-0.3491 -0.0387 3.7
-0.3491 -0.0379 3.7
-0.3491 -0.0373 3.7
-0.3491 -0.0368 3.7
-0.3491 -0.0365 3.7
-0.3491 -0.0363 3.7
-0.3491 -0.0362 3.7
-0.3491 -0.0362 3.7
-0.3491 -0.0364 3.7
-0.3491 -0.0366 3.7
-0.3491 -0.0370 3.7
-0.3491 -0.0375 3.7
-0.3491 -0.0381 3.7
-0.3491 -0.0387 3.7
-0.3491 -0.0394 3.7
-0.3491 -0.0401 3.7
-0.3491 -0.0408 3.7
-0.3491 -0.0416 3.7
-0.3491 -0.0423 3.7
-0.3491 -0.0430 3.7
-0.3491 -0.0437 3.7
-0.3491 -0.0443 3.7
-0.3491 -0.0449 3.7
-0.3491 -0.0454 3.7
-0.3491 -0.0459 3.7
-0.3491 -0.0462 3.7
-0.3491 -0.0465 3.7
-0.3491 -0.0467 3.7
-0.3491 -0.0469 3.7
-0.3491 -0.0470 3.7
-0.3491 -0.0469 3.7
-0.3491 -0.0469 3.7
-0.3491 -0.0467 3.7
-0.3491 -0.0466 3.7
-0.3491 -0.0463 3.7
-0.3491 -0.0461 3.7
-0.3491 -0.0458 3.7
-0.3491 -0.0455 3.7
-0.3491 -0.0452 3.7
-0.3491 -0.0449 3.7
-0.3491 -0.0446 3.7
-0.3491 -0.0443 3.7
-0.3491 -0.0441 3.7
-0.3491 -0.0439 3.7
-0.3491 -0.0437 3.7
-0.3491 -0.0436 3.7
-0.3491 -0.0435 3.7
-0.3491 -0.0434 3.7
-0.3491 -0.0435 3.7
-0.3491 -0.0435 3.7
-0.3491 -0.0436 3.7
-0.3491 -0.0438 3.7
-0.3491 -0.0439 3.7
-0.3491 -0.0442 3.7
-0.3491 -0.0444 3.7
-0.3491 -0.0447 3.7
-0.3491 -0.0450 3.7
-0.3491 -0.0453 3.7
-0.3491 -0.0456 3.7
-0.3491 -0.0460 3.7
-0.3491 -0.0463 3.7
-0.3491 -0.0466 3.7
-0.3491 -0.0469 3.7
-0.3491 -0.0472 3.7
-0.3491 -0.0474 3.7
-0.3491 -0.0477 3.7
-0.3491 -0.0479 3.7
-0.3491 -0.0480 3.7
-0.3491 -0.0482 3.7
-0.3491 -0.0483 3.7
-0.3491 -0.0484 3.7
-0.3491 -0.0484 3.7
-0.3491 -0.0485 3.7
-0.3491 -0.0485 3.7
-0.3491 -0.0484 3.7
-0.3491 -0.0484 3.7
-0.3491 -0.0483 3.7
-0.3491 -0.0483 3.7
-0.3491 -0.0482 3.7
-0.3491 -0.0481 3.7
-0.3491 -0.0480 3.7
-0.3491 -0.0479 3.7
-0.3491 -0.0478 3.7
-0.3491 -0.0477 3.7
-0.3491 -0.0476 3.7
-0.3491 -0.0476 3.7
-0.3491 -0.0475 3.7
-0.3491 -0.0475 3.7
-0.3491 -0.0475 3.7
-0.3491 -0.0475 3.7
-0.3491 -0.0475 3.7
-0.3491 -0.0475 3.7
-0.3491 -0.0476 3.7
-0.3491 -0.0477 3.7
-0.3491 -0.0478 3.7
-0.3491 -0.0479 3.7
-0.3491 -0.0480 3.7
-0.3491 -0.0481 3.7
-0.3491 -0.0483 3.7
-0.3491 -0.0484 3.7
-0.3491 -0.0485 3.7
-0.3491 -0.0487 3.7
-0.3491 -0.0488 3.7
-0.3491 -0.0490 3.7
-0.3491 -0.0491 3.7
-0.3491 -0.0492 3.7
-0.3491 -0.0494 3.7
-0.3491 -0.0495 3.7
-0.3491 -0.0496 3.7
-0.3491 -0.0496 3.7
-0.3491 -0.0497 3.7
-0.3491 -0.0498 3.7
-0.3491 -0.0498 3.7
-0.3491 -0.0499 3.7
-0.3491 -0.0499 3.7
-0.3491 -0.0499 3.7
-0.3491 -0.0499 3.7
-0.3491 -0.0499 3.7
-0.3491 -0.0499 3.7
-0.3491 -0.0498 3.7
-0.3491 -0.0498 3.7
-0.3491 -0.0498 3.7
-0.3491 -0.0498 3.7
-0.3491 -0.0497 3.7
-0.3491 -0.0497 3.7
-0.3491 -0.0497 3.7
-0.3491 -0.0497 3.7
-0.3491 -0.0496 3.7
-0.3491 -0.0496 3.7
-0.3491 -0.0496 3.7
-0.3491 -0.0496 3.7
-0.3491 -0.0496 3.7
-0.3491 -0.0497 3.7
-0.3491 -0.0497 3.7
-0.3491 -0.0497 3.7
-0.3491 -0.0498 3.7
-0.3491 -0.0498 3.7
-0.3491 -0.0498 3.7
-0.3491 -0.0499 3.7
-0.3491 -0.0500 3.7
-0.3491 -0.0500 3.7
-0.3491 -0.0501 3.7
-0.3491 -0.0502 3.7
-0.3491 -0.0502 3.7
-0.3491 -0.0503 3.7
-0.3491 -0.0503 3.7
-0.3491 -0.0504 3.7
-0.3491 -0.0505 3.7
-0.3491 -0.0505 3.7
-0.3491 -0.0506 3.7
-0.3491 -0.0506 3.7
-0.3491 -0.0506 3.7
-0.3491 -0.0507 3.7
-0.3491 -0.0507 3.7
-0.3491 -0.0507 3.7
-0.3491 -0.0508 3.7
-0.3491 -0.0508 3.7
-0.3491 -0.0508 3.7
-0.3491 -0.0508 3.7
-0.3491 -0.0508 3.7
-0.3491 -0.0508 3.7
-0.3491 -0.0508 3.7
-0.3491 -0.0508 3.7
-0.3491 -0.0508 3.7
-0.3491 -0.0508 3.7
-0.3491 -0.0507 3.7
-0.3491 -0.0507 3.7
-0.3491 -0.0507 3.7
-0.3491 -0.0507 3.7
-0.3491 -0.0507 3.7
-0.3491 -0.0507 3.7
-0.3491 -0.0507 3.7
-0.3491 -0.0507 3.7
-0.3491 -0.0507 3.7
-0.3491 -0.0507 3.7
-0.3491 -0.0508 3.7
-0.3491 -0.0508 3.7
-0.3491 -0.0508 3.7
-0.3491 -0.0508 3.7
-0.3491 -0.0508 3.7
-0.3491 -0.0509 3.7
-0.3491 -0.0509 3.7
-0.3491 -0.0509 3.7
-0.3491 -0.0509 3.7
-0.3491 -0.0510 3.7
-0.3491 -0.0510 3.7
-0.3491 -0.0510 3.7
-0.3491 -0.0511 3.7
-0.3491 -0.0511 3.7
-0.3491 -0.0511 3.7
-0.3491 -0.0511 3.7
-0.3491 -0.0512 3.7
-0.3491 -0.0512 3.7
-0.3491 -0.0512 3.7
-0.3491 -0.0512 3.7
-0.3491 -0.0512 3.7
-0.3491 -0.0512 3.7
-0.3491 -0.0512 3.7
-0.3491 -0.0512 3.7
-0.3491 -0.0513 3.7
-0.3491 -0.0513 3.7
-0.3491 -0.0513 3.7
-0.3491 -0.0513 3.7
-0.3491 -0.0513 3.7
-0.3491 -0.0513 3.7
-0.3491 -0.0513 3.7
-0.3491 -0.0513 3.7
-0.3491 -0.0513 3.7
-0.3491 -0.0512 3.7
-0.3491 -0.0512 3.7
-0.3491 -0.0512 3.7
-0.3491 -0.0512 3.7
-0.3491 -0.0512 3.7
-0.3491 -0.0512 3.7
-0.3491 -0.0513 3.7
-0.3491 -0.0513 3.7
-0.3491 -0.0513 3.7
-0.3491 -0.0513 3.7
-0.3491 -0.0513 3.7
-0.3491 -0.0513 3.7
-0.3491 -0.0513 3.7
-0.3491 -0.0513 3.7
-0.3491 -0.0513 3.7
-0.3491 -0.0513 3.7
-0.3491 -0.0513 3.7
-0.3491 -0.0513 3.7
-0.3491 -0.0514 3.7
-0.3491 -0.0514 3.7
-0.3491 -0.0514 3.7
-0.3491 -0.0514 3.7
-0.3491 -0.0514 3.7
-0.3491 -0.0514 3.7
-0.3491 -0.0514 3.7
-0.3491 -0.0514 3.7
-0.3491 -0.0514 3.7
-0.3491 -0.0514 3.7
-0.3491 -0.0515 3.7
-0.3491 -0.0515 3.7
-0.3491 -0.0515 3.7
-0.3491 -0.0515 3.7
-0.3491 -0.0515 3.7
-0.3491 -0.0515 3.7
-0.3491 -0.0515 3.7
-0.3491 -0.0515 3.7
-0.3491 -0.0515 3.7
-0.3491 -0.0515 3.7
-0.3491 -0.0515 3.7
-0.3491 -0.0515 3.7
-0.3491 -0.0515 3.7
-0.3491 -0.0515 3.7
-0.3491 -0.0515 3.7
-0.3491 -0.0515 3.7
-0.3491 -0.0515 3.7
-0.3491 -0.0515 3.7
-0.3491 -0.0515 3.7
-0.3491 -0.0515 3.7
-0.3491 -0.0515 3.7
-0.3491 -0.0515 3.7
-0.3491 -0.0515 3.7
-0.3491 -0.0515 3.7
-0.3491 -0.0515 3.7
-0.3491 -0.0515 3.7
-0.3491 -0.0515 3.7
-0.3491 -0.0515 3.7
-0.3491 -0.0515 3.7
-0.3491 -0.0515 3.7
-0.3491 -0.0515 3.7
-0.3491 -0.0515 3.7
-0.3491 -0.0515 3.7
-0.3491 -0.0515 3.7
-0.3491 -0.0515 3.7
-0.3491 -0.0515 3.7
-0.3491 -0.0515 3.7
-0.3491 -0.0515 3.7
-0.3491 -0.0515 3.7
-0.3491 -0.0515 3.7
-0.3491 -0.0516 3.7
-0.3491 -0.0516 3.7
-0.3491 -0.0516 3.7
-0.3491 -0.0516 3.7
-0.3491 -0.0516 3.7
-0.3491 -0.0516 3.7
-0.3491 -0.0516 3.7
-0.3491 -0.0516 3.7
-0.3491 -0.0516 3.7
-0.3491 -0.0516 3.7
-0.3491 -0.0516 3.7
-0.3491 -0.0516 3.7
-0.3491 -0.0516 3.7
-0.3491 -0.0516 3.7
-0.3491 -0.0516 3.7
-0.3491 -0.0516 3.7
-0.3491 -0.0516 3.7
-0.3491 -0.0516 3.7
-0.3491 -0.0516 3.7
-0.3491 -0.0516 3.7
-0.3491 -0.0516 3.7
-0.3491 -0.0516 3.7
-0.3491 -0.0516 3.7
-0.3491 -0.0516 3.7
-0.3491 -0.0516 3.7
-0.3491 -0.0516 3.7
-0.3574 -0.0514 3.7
-0.3705 -0.0512 3.7
-0.3826 -0.0509 3.7
-0.3944 -0.0507 3.7
-0.4061 -0.0504 3.7
-0.4178 -0.0502 3.7
-0.4294 -0.0499 3.7
-0.4411 -0.0496 3.7
-0.4528 -0.0494 3.7
-0.4644 -0.0491 3.7
-0.4761 -0.0488 3.7
-0.4878 -0.0485 3.7
-0.4994 -0.0482 3.7
-0.5111 -0.0479 3.7
-0.5228 -0.0476 3.7
-0.5344 -0.0472 3.7
-0.5461 -0.0469 3.7
-0.5578 -0.0466 3.7
-0.5694 -0.0462 3.7
-0.5811 -0.0459 3.7
-0.5928 -0.0455 3.7
-0.6044 -0.0452 3.7
-0.6161 -0.0448 3.7
-0.6277 -0.0444 3.7
-0.6394 -0.0440 3.7
-0.6511 -0.0437 3.7
-0.6627 -0.0433 3.7
-0.6744 -0.0429 3.7
-0.6861 -0.0425 3.7
-0.6977 -0.0420 3.7
-0.7094 -0.0416 3.7
-0.7210 -0.0412 3.7
-0.7327 -0.0408 3.7
-0.7444 -0.0404 3.7
-0.7560 -0.0399 3.7
-0.7677 -0.0395 3.7
-0.7615 -0.0397 3.7
-0.7467 -0.0402 3.7
-0.7339 -0.0407 3.7
-0.7220 -0.0412 3.7
-0.7103 -0.0416 3.7
-0.6987 -0.0420 3.7
-0.6870 -0.0424 3.7
-0.6754 -0.0428 3.7
-0.6638 -0.0432 3.7
-0.6521 -0.0436 3.7
-0.6405 -0.0440 3.7
-0.6289 -0.0444 3.7
-0.6172 -0.0447 3.7
-0.6056 -0.0451 3.7
-0.5940 -0.0455 3.7
-0.5823 -0.0458 3.7
-0.5707 -0.0462 3.7
-0.5591 -0.0465 3.7
-0.5474 -0.0469 3.7
-0.5358 -0.0472 3.7
-0.5242 -0.0475 3.7
-0.5125 -0.0478 3.7
-0.5009 -0.0481 3.7
-0.4893 -0.0485 3.7
-0.4776 -0.0488 3.7
-0.4660 -0.0490 3.7
-0.4544 -0.0493 3.7
-0.4427 -0.0496 3.7
-0.4311 -0.0499 3.7
-0.4195 -0.0501 3.7
-0.4078 -0.0504 3.7
-0.3962 -0.0507 3.7
-0.3846 -0.0509 3.7
-0.3729 -0.0511 3.7
-0.3613 -0.0514 3.7
-0.3496 -0.0516 3.7
-0.3380 -0.0518 3.7
-0.3264 -0.0520 3.7
-0.3147 -0.0522 3.7
-0.3031 -0.0524 3.7
-0.2915 -0.0526 3.7
-0.2798 -0.0528 3.7
-0.2682 -0.0530 3.7
-0.2565 -0.0531 3.7
-0.2449 -0.0533 3.7
-0.2333 -0.0534 3.7
-0.2216 -0.0536 3.7
-0.2100 -0.0537 3.7
-0.1983 -0.0538 3.7
-0.1867 -0.0540 3.7
-0.1751 -0.0541 3.7
-0.1634 -0.0542 3.7
-0.1518 -0.0543 3.7
-0.1401 -0.0544 3.7
-0.1285 -0.0545 3.7
-0.1169 -0.0546 3.7
-0.1052 -0.0546 3.7
-0.0936 -0.0547 3.7
-0.0819 -0.0547 3.7
-0.0703 -0.0548 3.7
-0.0587 -0.0548 3.7
-0.0470 -0.0549 3.7
-0.0354 -0.0549 3.7
-0.0237 -0.0549 3.7
-0.0121 -0.0549 3.7
-0.0005 -0.0549 3.7
0.0112 -0.0549 3.7
0.0228 -0.0549 3.7
0.0345 -0.0549 3.7
0.0461 -0.0549 3.7
0.0577 -0.0549 3.7
0.0694 -0.0548 3.7
0.0810 -0.0548 3.7
0.0927 -0.0547 3.7
0.1043 -0.0547 3.7
0.1159 -0.0546 3.7
0.1276 -0.0545 3.7
0.1392 -0.0544 3.7
0.1508 -0.0543 3.7
0.1625 -0.0542 3.7
0.1741 -0.0541 3.7
0.1858 -0.0540 3.7
0.1974 -0.0539 3.7
0.2090 -0.0538 3.7
0.2207 -0.0536 3.7
0.2323 -0.0535 3.7
0.2440 -0.0533 3.7
0.2556 -0.0532 3.7
0.2672 -0.0530 3.7
0.2789 -0.0528 3.7
0.2905 -0.0527 3.7
0.3021 -0.0525 3.7
0.3138 -0.0523 3.7
0.3254 -0.0521 3.7
0.3371 -0.0519 3.7
0.3487 -0.0517 3.7
0.3603 -0.0515 3.7
0.3720 -0.0512 3.7
0.3836 -0.0510 3.7
0.3952 -0.0507 3.7
0.4069 -0.0505 3.7
0.4185 -0.0502 3.7
0.4302 -0.0500 3.7
0.4418 -0.0497 3.7
0.4534 -0.0494 3.7
0.4651 -0.0492 3.7
0.4767 -0.0489 3.7
0.4883 -0.0486 3.7
0.5000 -0.0483 3.7
0.5116 -0.0480 3.7
0.5233 -0.0476 3.7
0.5349 -0.0473 3.7
0.5465 -0.0470 3.7
0.5582 -0.0467 3.7
0.5698 -0.0463 3.7
0.5814 -0.0460 3.7
0.5931 -0.0456 3.7
0.6047 -0.0453 3.7
0.6163 -0.0449 3.7
0.6280 -0.0445 3.7
0.6396 -0.0441 3.7
0.6512 -0.0438 3.7
0.6629 -0.0434 3.7
0.6745 -0.0430 3.7
0.6862 -0.0426 3.7
0.6978 -0.0422 3.7
0.7094 -0.0418 3.7
0.7211 -0.0413 3.7
0.7327 -0.0409 3.7
0.7443 -0.0405 3.7
0.7560 -0.0401 3.7
0.7676 -0.0396 3.7
0.7617 -0.0398 3.7
0.7467 -0.0404 3.7
0.7340 -0.0408 3.7
0.7220 -0.0413 3.7
0.7103 -0.0417 3.7
0.6986 -0.0421 3.7
0.6869 -0.0425 3.7
0.6753 -0.0429 3.7
0.6636 -0.0433 3.7
0.6520 -0.0437 3.7
0.6403 -0.0441 3.7
0.6286 -0.0445 3.7
0.6170 -0.0449 3.7
0.6053 -0.0452 3.7
0.5937 -0.0456 3.7
0.5820 -0.0459 3.7
0.5703 -0.0463 3.7
0.5587 -0.0466 3.7
0.5470 -0.0470 3.7
0.5354 -0.0473 3.7
0.5237 -0.0476 3.7
0.5120 -0.0479 3.7
0.5004 -0.0482 3.7
0.4887 -0.0485 3.7
0.4771 -0.0488 3.7
0.4654 -0.0491 3.7
0.4537 -0.0494 3.7
0.4421 -0.0497 3.7
0.4304 -0.0500 3.7
0.4188 -0.0502 3.7
0.4071 -0.0505 3.7
0.3954 -0.0507 3.7
0.3838 -0.0510 3.7
0.3721 -0.0512 3.7
0.3605 -0.0514 3.7
0.3488 -0.0517 3.7
0.3371 -0.0519 3.7
0.3255 -0.0521 3.7
0.3138 -0.0523 3.7
0.3022 -0.0525 3.7
0.2905 -0.0527 3.7
0.2788 -0.0528 3.7
0.2672 -0.0530 3.7
0.2555 -0.0532 3.7
0.2439 -0.0533 3.7
0.2322 -0.0535 3.7
0.2205 -0.0536 3.7
0.2089 -0.0538 3.7
0.1972 -0.0539 3.7
0.1855 -0.0540 3.7
0.1739 -0.0541 3.7
0.1622 -0.0542 3.7
0.1506 -0.0543 3.7
0.1389 -0.0544 3.7
0.1272 -0.0545 3.7
0.1156 -0.0546 3.7
0.1039 -0.0546 3.7
0.0923 -0.0547 3.7
0.0806 -0.0548 3.7
0.0689 -0.0548 3.7
0.0573 -0.0548 3.7
0.0456 -0.0549 3.7
0.0339 -0.0549 3.7
0.0223 -0.0549 3.7
0.0106 -0.0549 3.7
-0.0010 -0.0549 3.7
-0.0127 -0.0549 3.7
-0.0244 -0.0549 3.7
-0.0360 -0.0549 3.7
-0.0477 -0.0549 3.7
-0.0594 -0.0548 3.7
-0.0710 -0.0548 3.7
-0.0827 -0.0547 3.7
-0.0944 -0.0547 3.7
-0.1060 -0.0546 3.7
-0.1177 -0.0545 3.7
-0.1293 -0.0545 3.7
-0.1410 -0.0544 3.7
-0.1527 -0.0543 3.7
-0.1643 -0.0542 3.7
-0.1760 -0.0541 3.7
-0.1877 -0.0539 3.7
-0.1993 -0.0538 3.7
-0.2110 -0.0537 3.7
-0.2226 -0.0535 3.7
-0.2343 -0.0534 3.7
-0.2460 -0.0533 3.7
-0.2576 -0.0531 3.7
-0.2693 -0.0529 3.7
-0.2810 -0.0527 3.7
-0.2926 -0.0526 3.7
-0.3043 -0.0524 3.7
-0.3159 -0.0522 3.7
-0.3276 -0.0520 3.7
-0.3393 -0.0518 3.7
-0.3509 -0.0516 3.7
-0.3626 -0.0513 3.7
-0.3742 -0.0511 3.7
-0.3859 -0.0509 3.7
-0.3976 -0.0506 3.7
-0.4092 -0.0504 3.7
-0.4209 -0.0501 3.7
-0.4325 -0.0498 3.7
-0.4442 -0.0496 3.7
-0.4559 -0.0493 3.7
-0.4675 -0.0490 3.7
-0.4792 -0.0487 3.7
-0.4908 -0.0484 3.7
-0.5025 -0.0481 3.7
-0.5142 -0.0478 3.7
-0.5258 -0.0475 3.7
-0.5375 -0.0471 3.7
-0.5491 -0.0468 3.7
-0.5608 -0.0465 3.7
-0.5724 -0.0461 3.7
-0.5841 -0.0458 3.7
-0.5958 -0.0454 3.7
-0.6074 -0.0451 3.7
-0.6191 -0.0447 3.7
-0.6307 -0.0443 3.7
-0.6424 -0.0439 3.7
-0.6540 -0.0436 3.7
-0.6657 -0.0432 3.7
-0.6773 -0.0428 3.7
-0.6890 -0.0424 3.7
-0.7006 -0.0419 3.7
-0.7123 -0.0415 3.7
-0.7240 -0.0411 3.7
-0.7356 -0.0407 3.7
-0.7473 -0.0403 3.7
-0.7589 -0.0398 3.7
-0.7696 -0.0394 3.7
-0.7577 -0.0398 3.7
-0.7434 -0.0404 3.7
-0.7309 -0.0408 3.7
-0.7191 -0.0413 3.7
-0.7074 -0.0417 3.7
-0.6958 -0.0421 3.7
-0.6841 -0.0425 3.7
-0.6725 -0.0429 3.7
-0.6608 -0.0433 3.7
-0.6492 -0.0437 3.7
-0.6376 -0.0441 3.7
-0.6259 -0.0445 3.7
-0.6143 -0.0448 3.7
-0.6027 -0.0452 3.7
-0.5910 -0.0456 3.7
-0.5794 -0.0459 3.7
-0.5677 -0.0463 3.7
-0.5561 -0.0466 3.7
-0.5445 -0.0469 3.7
-0.5328 -0.0473 3.7
-0.5212 -0.0476 3.7
-0.5095 -0.0479 3.7
-0.4979 -0.0482 3.7
-0.4863 -0.0485 3.7
-0.4746 -0.0488 3.7
-0.4630 -0.0491 3.7
-0.4513 -0.0494 3.7
-0.4397 -0.0497 3.7
-0.4280 -0.0499 3.7
-0.4164 -0.0502 3.7
-0.4048 -0.0505 3.7
-0.3931 -0.0507 3.7
-0.3815 -0.0509 3.7
-0.3698 -0.0512 3.7
-0.3582 -0.0514 3.7
-0.3465 -0.0516 3.7
-0.3349 -0.0518 3.7
-0.3232 -0.0520 3.7
-0.3116 -0.0522 3.7
-0.3000 -0.0524 3.7
-0.2883 -0.0526 3.7
-0.2767 -0.0528 3.7
-0.2650 -0.0530 3.7
-0.2534 -0.0531 3.7
-0.2417 -0.0533 3.7
-0.2301 -0.0534 3.7
-0.2184 -0.0536 3.7
-0.2068 -0.0537 3.7
-0.1951 -0.0539 3.7
-0.1835 -0.0540 3.7
-0.1719 -0.0541 3.7
-0.1602 -0.0542 3.7
-0.1486 -0.0543 3.7
-0.1369 -0.0544 3.7
-0.1253 -0.0545 3.7
-0.1136 -0.0545 3.7
-0.1020 -0.0546 3.7
-0.0903 -0.0547 3.7
-0.0787 -0.0547 3.7
-0.0670 -0.0548 3.7
-0.0554 -0.0548 3.7
-0.0438 -0.0549 3.7
-0.0321 -0.0549 3.7
-0.0205 -0.0549 3.7
-0.0113 -0.0549 3.7
-0.0090 -0.0551 3.7
-0.0064 -0.0551 3.7
-0.0043 -0.0552 3.7
-0.0025 -0.0553 3.7
-0.0011 -0.0553 3.7
0.0001 -0.0554 3.7
0.0010 -0.0554 3.7
0.0017 -0.0554 3.7
0.0023 -0.0555 3.7
0.0027 -0.0555 3.7
0.0031 -0.0555 3.7
0.0033 -0.0555 3.7
0.0035 -0.0555 3.7
0.0036 -0.0555 3.7
0.0037 -0.0555 3.7
0.0038 -0.0555 3.7
0.0038 -0.0555 3.7
0.0038 -0.0555 3.7
0.0038 -0.0555 3.7
0.0038 -0.0555 3.7
0.0037 -0.0555 3.7
0.0037 -0.0555 3.7
0.0036 -0.0555 3.7
0.0036 -0.0555 3.7
0.0035 -0.0555 3.7
0.0035 -0.0555 3.7
0.0034 -0.0555 3.7
0.0033 -0.0555 3.7
0.0033 -0.0555 3.7
0.0032 -0.0555 3.7
0.0032 -0.0555 3.7
0.0031 -0.0555 3.7
0.0030 -0.0555 3.7
0.0030 -0.0555 3.7
0.0029 -0.0555 3.7
0.0029 -0.0555 3.7
0.0028 -0.0555 3.7
0.0028 -0.0554 3.7
0.0027 -0.0554 3.7
0.0027 -0.0554 3.7
0.0026 -0.0554 3.7
0.0026 -0.0554 3.7
0.0026 -0.0554 3.7
0.0025 -0.0554 3.7
0.0025 -0.0554 3.7
0.0025 -0.0554 3.7
0.0024 -0.0554 3.7
0.0024 -0.0554 3.7
0.0024 -0.0554 3.7
0.0023 -0.0554 3.7
0.0023 -0.0555 3.7
0.0023 -0.0555 3.7
0.0023 -0.0555 3.7
0.0022 -0.0555 3.7
0.0022 -0.0555 3.7
0.0022 -0.0555 3.7
0.0022 -0.0555 3.7
0.0022 -0.0555 3.7
0.0021 -0.0555 3.7
0.0021 -0.0555 3.7
0.0021 -0.0555 3.7
0.0021 -0.0555 3.7
0.0021 -0.0555 3.7
0.0021 -0.0555 3.7
0.0020 -0.0555 3.7
0.0020 -0.0555 3.7
0.0020 -0.0555 3.7
0.0020 -0.0555 3.7
0.0020 -0.0555 3.7
0.0020 -0.0555 3.7
0.0020 -0.0555 3.7
0.0020 -0.0555 3.7
0.0019 -0.0555 3.7
0.0019 -0.0555 3.7
0.0019 -0.0555 3.7
0.0019 -0.0555 3.7
0.0019 -0.0555 3.7
0.0019 -0.0555 3.7
0.0019 -0.0555 3.7
0.0019 -0.0555 3.7
0.0019 -0.0555 3.7
0.0019 -0.0555 3.7
0.0019 -0.0555 3.7
0.0019 -0.0555 3.7
0.0018 -0.0555 3.7
0.0018 -0.0555 3.7
0.0018 -0.0555 3.7
0.0018 -0.0555 3.7
0.0018 -0.0555 3.7
0.0018 -0.0555 3.7
0.0018 -0.0555 3.7
0.0018 -0.0555 3.7
0.0018 -0.0555 3.7
0.0018 -0.0555 3.7
0.0018 -0.0555 3.7
0.0018 -0.0555 3.7
0.0018 -0.0555 3.7
0.0018 -0.0555 3.7
0.0018 -0.0555 3.7
0.0018 -0.0555 3.7
0.0018 -0.0555 3.7
0.0018 -0.0555 3.7
0.0018 -0.0555 3.7
0.0018 -0.0555 3.7
0.0018 -0.0555 3.7
0.0017 -0.0555 3.7
0.0017 -0.0555 3.7
0.0017 -0.0555 3.7
0.0017 -0.0555 3.7
0.0017 -0.0555 3.7
0.0017 -0.0555 3.7
0.0017 -0.0555 3.7
0.0017 -0.0555 3.7
0.0017 -0.0555 3.7
0.0017 -0.0555 3.7
0.0017 -0.0555 3.7
0.0017 -0.0555 3.7
0.0017 -0.0555 3.7
0.0017 -0.0555 3.7
0.0017 -0.0555 3.7
0.0017 -0.0555 3.7
0.0017 -0.0555 3.7
0.0017 -0.0555 3.7
0.0017 -0.0555 3.7
0.0017 -0.0555 3.7
0.0017 -0.0555 3.7
0.0017 -0.0555 3.7
0.0017 -0.0555 3.7
0.0017 -0.0555 3.7
0.0017 -0.0555 3.7
0.0017 -0.0555 3.7
0.0017 -0.0555 3.7
0.0017 -0.0555 3.7
0.0017 -0.0555 3.7
0.0017 -0.0555 3.7
0.0017 -0.0555 3.7
0.0017 -0.0555 3.7
0.0017 -0.0555 3.7
0.0017 -0.0555 3.7
0.0017 -0.0555 3.7
0.0017 -0.0555 3.7
0.0017 -0.0555 3.7
0.0017 -0.0555 3.7
0.0017 -0.0556 3.7
0.0016 -0.0556 3.7
0.0016 -0.0556 3.7
0.0016 -0.0556 3.7
0.0016 -0.0556 3.7
0.0016 -0.0556 3.7
0.0016 -0.0556 3.7
0.0016 -0.0556 3.7
0.0016 -0.0556 3.7
0.0016 -0.0556 3.7
0.0016 -0.0556 3.7
0.0016 -0.0556 3.7
0.0016 -0.0556 3.7
0.0016 -0.0556 3.7
0.0016 -0.0556 3.7
0.0016 -0.0556 3.7
0.0016 -0.0556 3.7
0.0016 -0.0556 3.7
0.0016 -0.0556 3.7
0.0016 -0.0556 3.7
0.0016 -0.0556 3.7
0.0016 -0.0556 3.7
0.0016 -0.0556 3.7
0.0016 -0.0556 3.7
0.0016 -0.0556 3.7
0.0016 -0.0556 3.7
0.0016 -0.0556 3.7
0.0016 -0.0556 3.7
0.0016 -0.0556 3.7
0.0016 -0.0556 3.7
0.0016 -0.0556 3.7
0.0016 -0.0556 3.7
0.0016 -0.0556 3.7
0.0016 -0.0556 3.7
0.0016 -0.0556 3.7
0.0016 -0.0556 3.7
0.0016 -0.0556 3.7
0.0016 -0.0556 3.7
0.0016 -0.0556 3.7
0.0016 -0.0556 3.7
0.0016 -0.0556 3.7
0.0016 -0.0556 3.7
0.0016 -0.0556 3.7
0.0016 -0.0556 3.7
0.0016 -0.0556 3.7
0.0016 -0.0556 3.7
0.0016 -0.0556 3.7
0.0016 -0.0556 3.7
0.0016 -0.0556 3.7
0.0016 -0.0556 3.7
0.0016 -0.0556 3.7
0.0016 -0.0556 3.7
0.0016 -0.0556 3.7
0.0016 -0.0556 3.7
0.0016 -0.0556 3.7
0.0016 -0.0556 3.7
0.0016 -0.0556 3.7
0.0016 -0.0556 3.7
0.0016 -0.0556 3.7
0.0016 -0.0556 3.7
0.0015 -0.0556 3.7
0.0015 -0.0556 3.7
0.0015 -0.0556 3.7
0.0015 -0.0557 3.7
0.0015 -0.0557 3.7
0.0015 -0.0557 3.7
0.0015 -0.0557 3.7
0.0015 -0.0557 3.7
0.0015 -0.0557 3.7
0.0015 -0.0557 3.7
0.0015 -0.0557 3.7
0.0015 -0.0557 3.7
0.0015 -0.0557 3.7
0.0015 -0.0557 3.7
0.0015 -0.0557 3.7
0.0015 -0.0557 3.7
0.0015 -0.0557 3.7
0.0015 -0.0557 3.7
0.0015 -0.0557 3.7
0.0015 -0.0557 3.7
0.0015 -0.0557 3.7
0.0015 -0.0557 3.7
0.0015 -0.0557 3.7
0.0015 -0.0557 3.7
0.0015 -0.0557 3.7
0.0015 -0.0557 3.7
0.0015 -0.0557 3.7
0.0015 -0.0557 3.7
0.0015 -0.0557 3.7
0.0015 -0.0557 3.7
0.0015 -0.0557 3.7
0.0015 -0.0557 3.7
0.0015 -0.0557 3.7
0.0015 -0.0557 3.7
0.0015 -0.0557 3.7
0.0015 -0.0557 3.7
0.0015 -0.0557 3.7
0.0015 -0.0557 3.7
0.0015 -0.0557 3.7
0.0015 -0.0557 3.7
0.0015 -0.0557 3.7
0.0015 -0.0557 3.7
0.0015 -0.0557 3.7
0.0015 -0.0557 3.7
0.0015 -0.0557 3.7
0.0015 -0.0557 3.7
0.0015 -0.0557 3.7
0.0015 -0.0557 3.7
0.0015 -0.0557 3.7
0.0015 -0.0557 3.7
0.0015 -0.0558 3.7
0.0015 -0.0558 3.7
0.0015 -0.0558 3.7
0.0015 -0.0558 3.7
0.0015 -0.0558 3.7
0.0015 -0.0558 3.7
0.0015 -0.0558 3.7
0.0015 -0.0558 3.7
0.0015 -0.0558 3.7
0.0015 -0.0558 3.7
0.0015 -0.0558 3.7
0.0015 -0.0558 3.7
0.0015 -0.0558 3.7
0.0015 -0.0558 3.7
0.0015 -0.0558 3.7
0.0015 -0.0558 3.7
0.0015 -0.0558 3.7
0.0014 -0.0558 3.7
0.0014 -0.0558 3.7
0.0014 -0.0558 3.7
0.0014 -0.0558 3.7
0.0014 -0.0558 3.7
0.0014 -0.0558 3.7
0.0014 -0.0558 3.7
0.0014 -0.0558 3.7
0.0014 -0.0558 3.7
0.0014 -0.0558 3.7
0.0014 -0.0558 3.7
0.0014 -0.0558 3.7
0.0014 -0.0558 3.7
0.0014 -0.0558 3.7
0.0014 -0.0558 3.7
0.0014 -0.0558 3.7
0.0014 -0.0558 3.7
0.0014 -0.0558 3.7
0.0014 -0.0558 3.7
0.0014 -0.0559 3.7
0.0014 -0.0559 3.7
0.0014 -0.0559 3.7
0.0014 -0.0559 3.7
0.0014 -0.0559 3.7
0.0014 -0.0559 3.7
0.0014 -0.0559 3.7
0.0014 -0.0559 3.7
0.0014 -0.0559 3.7
0.0014 -0.0559 3.7
0.0014 -0.0559 3.7
0.0014 -0.0559 3.7
0.0014 -0.0559 3.7
0.0014 -0.0559 3.7
0.0014 -0.0559 3.7
0.0014 -0.0559 3.7
0.0014 -0.0559 3.7
0.0014 -0.0559 3.7
0.0014 -0.0559 3.7
0.0014 -0.0559 3.7
0.0014 -0.0559 3.7
0.0014 -0.0559 3.7
0.0014 -0.0559 3.7
0.0014 -0.0559 3.7
0.0014 -0.0559 3.7
0.0014 -0.0559 3.7
0.0014 -0.0559 3.7
0.0014 -0.0559 3.7
0.0014 -0.0559 3.7
0.0014 -0.0559 3.7
0.0014 -0.0560 3.7
0.0014 -0.0560 3.7
0.0014 -0.0560 3.7
0.0014 -0.0560 3.7
0.0014 -0.0560 3.7
0.0014 -0.0560 3.7
0.0014 -0.0560 3.7
0.0014 -0.0560 3.7
0.0013 -0.0560 3.7
0.0013 -0.0560 3.7
0.0013 -0.0560 3.7
0.0013 -0.0560 3.7
0.0013 -0.0560 3.7
0.0013 -0.0560 3.7
0.0013 -0.0560 3.7
0.0013 -0.0560 3.7
0.0013 -0.0560 3.7
0.0013 -0.0560 3.7
0.0013 -0.0560 3.7
0.0013 -0.0560 3.7
0.0013 -0.0560 3.7
0.0013 -0.0560 3.7
0.0013 -0.0560 3.7
0.0013 -0.0560 3.7
0.0013 -0.0561 3.7
0.0013 -0.0561 3.7
0.0013 -0.0561 3.7
0.0013 -0.0561 3.7
0.0013 -0.0561 3.7
0.0013 -0.0561 3.7
0.0013 -0.0561 3.7
0.0013 -0.0561 3.7
0.0013 -0.0561 3.7
0.0013 -0.0561 3.7
0.0013 -0.0561 3.7
0.0013 -0.0561 3.7
0.0013 -0.0561 3.7
0.0013 -0.0561 3.7
0.0013 -0.0561 3.7
0.0013 -0.0561 3.7
0.0013 -0.0561 3.7
0.0013 -0.0561 3.7
0.0013 -0.0561 3.7
0.0013 -0.0561 3.7
0.0013 -0.0562 3.7
0.0013 -0.0562 3.7
0.0013 -0.0562 3.7
0.0013 -0.0562 3.7
0.0012 -0.0562 3.7
0.0012 -0.0562 3.7
0.0012 -0.0562 3.7
0.0012 -0.0562 3.7
0.0012 -0.0562 3.7
0.0012 -0.0562 3.7
0.0012 -0.0562 3.7
0.0012 -0.0562 3.7
0.0012 -0.0562 3.7
0.0012 -0.0562 3.7
0.0012 -0.0562 3.7
0.0012 -0.0562 3.7
0.0012 -0.0562 3.7
0.0012 -0.0563 3.7
0.0012 -0.0563 3.7
0.0012 -0.0563 3.7
0.0012 -0.0563 3.7
0.0012 -0.0563 3.7
0.0012 -0.0563 3.7
0.0012 -0.0563 3.7
0.0012 -0.0563 3.7
0.0012 -0.0563 3.7
0.0012 -0.0563 3.7
0.0012 -0.0563 3.7
0.0012 -0.0563 3.7
0.0012 -0.0563 3.7
0.0012 -0.0563 3.7
0.0012 -0.0563 3.7
0.0012 -0.0564 3.7
0.0011 -0.0564 3.7
0.0011 -0.0564 3.7
0.0011 -0.0564 3.7
0.0011 -0.0564 3.7
0.0011 -0.0564 3.7
0.0011 -0.0564 3.7
0.0011 -0.0564 3.7
0.0011 -0.0564 3.7
0.0011 -0.0564 3.7
0.0011 -0.0564 3.7
0.0011 -0.0564 3.7
0.0011 -0.0564 3.7
0.0011 -0.0565 3.7
0.0011 -0.0565 3.7
0.0011 -0.0565 3.7
0.0011 -0.0565 3.7
0.0011 -0.0565 3.7
0.0011 -0.0565 3.7
0.0011 -0.0565 3.7
0.0011 -0.0565 3.7
0.0011 -0.0565 3.7
0.0011 -0.0565 3.7
0.0010 -0.0565 3.7
0.0010 -0.0566 3.7
0.0010 -0.0566 3.7
0.0010 -0.0566 3.7
0.0010 -0.0566 3.7
0.0010 -0.0566 3.7
0.0010 -0.0566 3.7
0.0010 -0.0566 3.7
0.0010 -0.0566 3.7
0.0010 -0.0566 3.7
0.0010 -0.0566 3.7
0.0010 -0.0567 3.7
0.0010 -0.0567 3.7
0.0010 -0.0567 3.7
0.0010 -0.0567 3.7
0.0010 -0.0567 3.7
0.0010 -0.0567 3.7
0.0009 -0.0567 3.7
0.0009 -0.0567 3.7
0.0009 -0.0567 3.7
0.0009 -0.0568 3.7
0.0009 -0.0568 3.7
0.0009 -0.0568 3.7
0.0009 -0.0568 3.7
0.0009 -0.0568 3.7
0.0009 -0.0568 3.7
0.0009 -0.0568 3.7
0.0009 -0.0568 3.7
0.0009 -0.0569 3.7
0.0009 -0.0569 3.7
0.0009 -0.0569 3.7
0.0008 -0.0569 3.7
0.0008 -0.0569 3.7
0.0008 -0.0569 3.7
0.0008 -0.0569 3.7
0.0008 -0.0570 3.7
0.0008 -0.0570 3.7
0.0008 -0.0570 3.7
0.0008 -0.0570 3.7
0.0008 -0.0570 3.7
0.0008 -0.0570 3.7
0.0008 -0.0570 3.7
0.0007 -0.0571 3.7
0.0007 -0.0571 3.7
0.0007 -0.0571 3.7
0.0007 -0.0571 3.7
0.0007 -0.0571 3.7
0.0007 -0.0571 3.7
0.0007 -0.0572 3.7
0.0007 -0.0572 3.7
0.0007 -0.0572 3.7
0.0007 -0.0572 3.7
0.0006 -0.0572 3.7
0.0006 -0.0573 3.7
0.0006 -0.0573 3.7
0.0006 -0.0573 3.7
0.0006 -0.0573 3.7
0.0006 -0.0573 3.7
0.0006 -0.0574 3.7
0.0006 -0.0574 3.7
0.0005 -0.0574 3.7
0.0005 -0.0574 3.7
0.0005 -0.0574 3.7
0.0005 -0.0575 3.7
0.0005 -0.0575 3.7
0.0005 -0.0575 3.7
0.0005 -0.0575 3.7
0.0004 -0.0576 3.7
0.0004 -0.0576 3.7
0.0004 -0.0576 3.7
0.0004 -0.0576 3.7
0.0004 -0.0577 3.7
0.0004 -0.0577 3.7
0.0004 -0.0577 3.7
0.0003 -0.0577 3.7
0.0003 -0.0578 3.7
0.0003 -0.0578 3.7
0.0003 -0.0578 3.7
0.0003 -0.0579 3.7
0.0002 -0.0579 3.7
0.0002 -0.0579 3.7
0.0002 -0.0580 3.7
0.0002 -0.0580 3.7
0.0002 -0.0580 3.7
0.0001 -0.0581 3.7
0.0001 -0.0581 3.7
0.0001 -0.0581 3.7
0.0001 -0.0582 3.7
0.0001 -0.0582 3.7
0.0000 -0.0582 3.7
0.0000 -0.0583 3.7
-0.0000 -0.0583 3.7
-0.0000 -0.0584 3.7
-0.0001 -0.0584 3.7
-0.0001 -0.0584 3.7
-0.0001 -0.0585 3.7
-0.0001 -0.0585 3.7
-0.0002 -0.0586 3.7
-0.0002 -0.0586 3.7
-0.0002 -0.0587 3.7
-0.0003 -0.0587 3.7
-0.0003 -0.0588 3.7
-0.0003 -0.0588 3.7
-0.0004 -0.0589 3.7
-0.0004 -0.0589 3.7
-0.0004 -0.0590 3.7
-0.0005 -0.0590 3.7
-0.0005 -0.0591 3.7
-0.0005 -0.0592 3.7
-0.0006 -0.0592 3.7
-0.0006 -0.0593 3.7
-0.0007 -0.0594 3.7
-0.0007 -0.0594 3.7
-0.0007 -0.0595 3.7
-0.0008 -0.0596 3.7
-0.0008 -0.0596 3.7
-0.0009 -0.0597 3.7
-0.0009 -0.0598 3.7
-0.0010 -0.0599 3.7
-0.0010 -0.0600 3.7
-0.0011 -0.0601 3.7
-0.0011 -0.0602 3.7
-0.0012 -0.0602 3.7
-0.0013 -0.0603 3.7
-0.0013 -0.0604 3.7
-0.0014 -0.0606 3.7
-0.0015 -0.0607 3.7
-0.0015 -0.0608 3.7
-0.0016 -0.0609 3.7
-0.0017 -0.0610 3.7
-0.0018 -0.0612 3.7
-0.0018 -0.0613 3.7
-0.0019 -0.0614 3.7
-0.0020 -0.0616 3.7
-0.0021 -0.0617 3.7
-0.0022 -0.0619 3.7
-0.0023 -0.0621 3.7
-0.0024 -0.0622 3.7
-0.0025 -0.0624 3.7
-0.0026 -0.0626 3.7
-0.0028 -0.0628 3.7
-0.0029 -0.0630 3.7
-0.0030 -0.0633 3.7
-0.0032 -0.0635 3.7
-0.0033 -0.0638 3.7
-0.0035 -0.0640 3.7
-0.0036 -0.0643 3.7
-0.0038 -0.0646 3.7
-0.0040 -0.0650 3.7
-0.0042 -0.0653 3.7
-0.0044 -0.0657 3.7
-0.0046 -0.0661 3.7
-0.0049 -0.0665 3.7
-0.0052 -0.0670 3.7
-0.0054 -0.0675 3.7
-0.0057 -0.0680 3.7
-0.0061 -0.0686 3.7
-0.0064 -0.0693 3.7
-0.0068 -0.0700 3.7
-0.0073 -0.0708 3.7
-0.0077 -0.0717 3.7
-0.0083 -0.0726 3.7
-0.0088 -0.0737 3.7
-0.0095 -0.0750 3.7
-0.0102 -0.0764 3.7
-0.0110 -0.0781 3.7
-0.0120 -0.0800 3.7
-0.0131 -0.0822 3.7
-0.0144 -0.0850 3.7
-0.0159 -0.0883 3.7
-0.0178 -0.0925 3.7
-0.0201 -0.0980 3.7
-0.0231 -0.1054 3.7
-0.0271 -0.1162 3.7
-0.0330 -0.1340 3.7
-0.0437 -0.1623 3.7
-0.0773 -0.1843 3.7
-0.2576 -0.1739 3.7
-0.3045 -0.2030 3.7
-0.1053 -0.2321 3.7
